227 0.0761964 0.871426 0.82552 0.958016 0.110303 0.101578 0.244379
374 -0.137429 0.870214 0.89804 0.952131 0.0456544 -0.0567284 0.29689
375 -0.137401 0.870215 0.898049 0.95213 0.0456524 -0.0567285 0.296893
376 -0.138342 0.870315 0.897654 0.952181 0.0457281 -0.0567353 0.296717
377 -0.138442 0.869736 0.897276 0.952287 0.0458414 -0.057035 0.296301
378 -0.164142 0.889482 0.871383 0.948908 0.0424727 -0.0461114 0.309263
379 -0.130315 0.86501 0.897886 0.952596 0.0462726 -0.0627966 0.294069
380 -0.129089 0.864055 0.893486 0.952521 0.0462265 -0.0646952 0.293906
382 -0.120208 0.862625 0.888044 0.951896 0.0455731 -0.0773497 0.292976
383 -0.0871129 0.8638 0.921827 0.953591 0.0450621 -0.0934002 0.282684
385 -0.103371 0.862821 0.885938 0.951666 0.0524952 -0.0778072 0.292441
386 -0.088214 0.8642 0.884973 0.951249 0.0556166 -0.0799323 0.292648
387 -0.0820354 0.900271 0.882461 0.948642 0.0497267 -0.0770956 0.302757
390 -0.0652337 0.864314 0.877593 0.950957 0.0618142 -0.0832571 0.291426
391 -0.0650443 0.864774 0.876191 0.951062 0.0641151 -0.0796598 0.291589
392 -0.0576806 0.868471 0.880252 0.950647 0.0647557 -0.079253 0.29291
395 -0.0594178 0.867085 0.880464 0.950614 0.0642062 -0.0796653 0.293026
396 -0.0641056 0.865202 0.881937 0.951106 0.0627706 -0.0797662 0.29171
397 -0.0680389 0.864343 0.880138 0.951215 0.0615069 -0.0795138 0.291692
398 -0.0719129 0.864197 0.879765 0.951253 0.0604489 -0.0799053 0.291682
399 -0.075004 0.863435 0.880344 0.951325 0.0594101 -0.0798008 0.29169
400 -0.0757113 0.865202 0.881283 0.951093 0.0585848 -0.0802268 0.292494
401 -0.107804 0.885279 0.859832 0.948267 0.0547407 -0.065619 0.305757
402 -0.0806497 0.865372 0.884923 0.951269 0.0576703 -0.078789 0.292495
403 -0.0822333 0.864168 0.883979 0.951315 0.057574 -0.0784429 0.292457
404 -0.0840216 0.8632 0.880852 0.951396 0.0570734 -0.0787895 0.292199
405 -0.0851 0.861694 0.879203 0.951642 0.0565504 -0.0786545 0.291534
406 -0.0860275 0.861668 0.878649 0.951704 0.0564832 -0.0787134 0.29133
407 -0.0866495 0.861792 0.878886 0.951698 0.0564651 -0.0787284 0.291348
408 -0.0856758 0.861973 0.881254 0.951637 0.0567636 -0.07947 0.291288
409 -0.0847054 0.863903 0.880283 0.951238 0.0564422 -0.0798392 0.292552
410 -0.0865007 0.863406 0.879796 0.951269 0.0562956 -0.0798787 0.292468
411 -0.0868966 0.861505 0.878751 0.951443 0.0560835 -0.0798152 0.291959
412 -0.0882669 0.86142 0.880249 0.951661 0.0552045 -0.0798459 0.291406
413 -0.0902202 0.861883 0.877195 0.95137 0.0549307 -0.0802664 0.292293
414 -0.0912146 0.86107 0.87927 0.951556 0.0544554 -0.0807756 0.291636
415 -0.0917443 0.859109 0.879898 0.951684 0.0531461 -0.0834927 0.290692
416 -0.0931569 0.861169 0.879474 0.951394 0.0531308 -0.0831049 0.291753
417 -0.0586188 0.861914 0.920486 0.953658 0.0502859 -0.0976654 0.280123
418 -0.0927658 0.861152 0.879507 0.950881 0.052766 -0.0877839 0.29212
419 -0.0859902 0.899912 0.867849 0.946534 0.0413537 -0.092415 0.306305
421 -0.0953616 0.863093 0.88087 0.949536 0.0519823 -0.097186 0.293656
422 -0.0904587 0.862934 0.884394 0.949719 0.0515304 -0.0962731 0.293445
424 -0.0987976 0.866666 0.891578 0.949066 0.0501197 -0.096724 0.295645
425 -0.0956997 0.869725 0.897106 0.949004 0.051571 -0.0921567 0.297052
426 -0.0925404 0.870565 0.898409 0.949016 0.0524599 -0.0916348 0.297017
427 -0.0870748 0.869417 0.899634 0.949349 0.0543949 -0.0910168 0.295794
428 -0.0809451 0.868841 0.893503 0.949303 0.0565012 -0.0899176 0.295881
429 -0.0773129 0.868972 0.890226 0.949386 0.0582183 -0.0887125 0.295648
430 -0.0765821 0.866792 0.88983 0.950051 0.0595564 -0.0849912 0.294335
431 -0.0744681 0.867395 0.888489 0.950048 0.0603432 -0.0843589 0.294365
433 -0.0773716 0.867081 0.887618 0.95036 0.0597518 -0.0797225 0.294771
434 -0.0798193 0.86752 0.888149 0.950379 0.0588055 -0.0801999 0.294769
435 -0.092631 0.867512 0.890132 0.950432 0.0545714 -0.0804637 0.295342
436 -0.130472 0.888331 0.866557 0.947446 0.0472859 -0.0654482 0.30956
437 -0.122492 0.863222 0.892908 0.951341 0.048595 -0.0720522 0.295631
438 -0.127776 0.859229 0.890724 0.9524 0.0469353 -0.0680929 0.293419
439 -0.106175 0.85965 0.920759 0.955083 0.0438432 -0.0781456 0.282468
440 -0.160443 0.882016 0.847627 0.949088 0.0414889 -0.0514016 0.308007
441 -0.124319 0.856602 0.885054 0.953433 0.0485412 -0.0665795 0.290132
442 -0.112088 0.869194 0.896459 0.950842 0.0544397 -0.067184 0.297358
613 -0.031204 0.859161 0.874348 0.953844 0.0836716 -0.0354536 0.286223
614 0.00257185 0.85657 0.908183 0.957676 0.077092 -0.0481976 0.273114
616 -0.055154 0.856922 0.871183 0.954142 0.0780426 -0.0312436 0.28731
618 -0.0670607 0.866179 0.894782 0.952742 0.0736205 -0.0294492 0.293249
619 -0.136003 0.910081 0.861361 0.945954 0.0648478 -0.000364553 0.31775
620 -0.0840392 0.866997 0.900715 0.952602 0.0704835 -0.0261567 0.294785
621 -0.0861858 0.8634 0.899309 0.953378 0.0687403 -0.0262912 0.292668
622 -0.123394 0.883057 0.863737 0.949719 0.0632301 -0.00930624 0.306511
623 -0.0671703 0.859131 0.923397 0.957271 0.0647565 -0.0331034 0.279897
625 -0.098819 0.855977 0.887157 0.954726 0.0705321 -0.0129398 0.288713
626 -0.0877163 0.860296 0.889147 0.953947 0.0728301 -0.0113653 0.290779
627 -0.126741 0.889018 0.864151 0.94847 0.0718087 0.00803469 0.308518
628 -0.0371425 0.862845 0.945765 0.957866 0.0733909 -0.0164638 0.277192
630 0.0220195 0.870252 0.955007 0.958926 0.0683798 -0.0387282 0.272552
631 -0.0696274 0.859221 0.886112 0.954251 0.0801964 -0.0036342 0.288029
634 -0.0184526 0.86961 0.92796 0.956192 0.0883223 0.0352139 0.27687
635 -0.0574027 0.868319 0.898945 0.952312 0.0929429 0.0483225 0.28658
636 -0.0609703 0.87199 0.902109 0.951549 0.0926043 0.0509887 0.288754
638 -0.0431031 0.871611 0.933417 0.955362 0.0818866 0.037925 0.281319
639 -0.120026 0.882204 0.877869 0.948013 0.0824428 0.0678753 0.299778
640 -0.101199 0.856529 0.89489 0.953525 0.0808529 0.0550016 0.285004
641 -0.111841 0.883922 0.907733 0.95258 0.0718749 0.0594926 0.28963
642 -0.11915 0.855532 0.891083 0.953743 0.076463 0.0533094 0.285806
643 -0.0915366 0.859832 0.934377 0.957082 0.0727112 0.0423751 0.277329
644 -0.120953 0.861778 0.902747 0.952604 0.0764054 0.0548492 0.289309
645 -0.145252 0.88924 0.893108 0.947949 0.0747745 0.0681251 0.301927
646 -0.14532 0.888238 0.889128 0.946703 0.0754948 0.0690782 0.30542
647 -0.113162 0.864572 0.912509 0.952123 0.0780967 0.0540441 0.290588
648 -0.110355 0.85667 0.895872 0.953716 0.0785548 0.0496135 0.285995
649 -0.075183 0.861593 0.935052 0.957251 0.0754 0.0374695 0.276734
650 -0.139808 0.879321 0.881978 0.950018 0.0772273 0.0630157 0.295857
651 -0.0695048 0.863727 0.945151 0.957213 0.0755525 0.0366188 0.276939
654 -0.111463 0.865866 0.909251 0.952273 0.0787682 0.0489543 0.290818
655 -0.0829333 0.867235 0.95474 0.956342 0.0755384 0.0454523 0.278637
657 -0.126823 0.868158 0.915536 0.951498 0.0761478 0.0598798 0.292006
664 -0.226328 0.88917 0.903923 0.946678 0.0550162 0.0827537 0.306473
666 -0.187765 0.911642 0.986844 0.948999 0.0538499 0.0932119 0.296333
682 -0.1697 0.728732 0.855499 0.944748 0.0668059 0.223621 0.230178
683 -0.148102 0.682859 0.877109 0.953015 0.0636256 0.208183 0.210652
725 -0.169632 0.34294 0.682913 0.973819 0.0157649 -0.178371 0.140045
726 -0.187016 0.379271 0.698772 0.974202 0.0197418 -0.160981 0.156929
764 0.0273021 0.212797 0.843562 0.982795 0.0474015 0.0702706 0.164099
765 0.0305657 0.222322 0.846514 0.981974 0.0468812 0.0707146 0.168902
768 0.0173757 0.220858 0.864666 0.981664 0.0454581 0.071015 0.170958
771 0.00155888 0.233875 0.875577 0.980641 0.0428793 0.0681262 0.178505
782 -0.0382377 0.231971 0.900737 0.980985 0.0324914 0.0622563 0.180934
784 -0.0412624 0.226969 0.903084 0.981503 0.0313123 0.0620274 0.178394
788 -0.0475507 0.229369 0.897559 0.981587 0.0293868 0.0569119 0.179959
791 -0.0450784 0.2265 0.894249 0.981881 0.0302738 0.057043 0.178154
795 -0.037306 0.228995 0.882654 0.981669 0.0327494 0.0582951 0.17848
796 -0.0331344 0.22852 0.880271 0.98178 0.0329045 0.0580966 0.177908
801 -0.0293804 0.224764 0.858992 0.98229 0.0335674 0.06123 0.173868
803 -0.0414235 0.219391 0.852187 0.982437 0.0340855 0.0701449 0.169517
810 -0.0697502 0.159501 0.840402 0.987713 0.0336403 0.079062 0.130542
820 -0.0419232 0.203612 0.791655 0.985342 0.0310709 0.0644418 0.154863
824 -0.0562828 0.174502 0.797026 0.987449 0.0329882 0.0741334 0.1355
920 -0.141096 0.42062 0.961467 0.993092 0.0187005 0.0348445 0.110471
938 -0.305181 0.336559 0.997127 0.989714 -0.0110254 0.0667293 0.126061
939 -0.312195 0.338033 0.994446 0.989586 -0.0123268 0.0663141 0.127158
943 -0.344788 0.325636 0.990382 0.990133 -0.0186619 0.0677986 0.121211
944 -0.343738 0.335002 0.987159 0.989913 -0.0198618 0.0636613 0.124999
946 -0.354344 0.330647 0.98392 0.989869 -0.0211244 0.0665448 0.123629
947 -0.3556 0.330931 0.983631 0.989879 -0.0212184 0.0665171 0.123549
950 -0.360134 0.335594 0.974019 0.989968 -0.0220602 0.06514 0.123425
951 -0.358522 0.337055 0.973876 0.989989 -0.0221092 0.0652578 0.123187
952 -0.359293 0.335404 0.971856 0.989976 -0.0229131 0.0673508 0.122013
953 -0.35961 0.332077 0.968215 0.990207 -0.0222478 0.0672731 0.120286
954 -0.359162 0.330759 0.965793 0.990276 -0.021813 0.0676705 0.11958
965 0.0812509 0.366693 1.02995 0.994071 0.0216531 0.0241806 0.103778
968 -0.0445519 0.359684 0.94823 0.993463 0.0161265 0.0549589 0.0987418
971 -0.0806428 0.374411 0.941466 0.992233 0.0127413 0.0672732 0.103852
973 -0.0890225 0.374143 0.938178 0.992256 0.0114313 0.0695209 0.102296
978 -0.0799785 0.357595 0.924803 0.993886 0.00845974 0.0570933 0.094129
986 -0.138401 0.333531 0.659684 0.764419 0.0163095 -0.643452 0.0369859
987 -0.170832 0.412294 0.599505 0.763818 -0.0167148 -0.640601 0.0770334
988 -0.132373 0.332111 0.65506 0.762383 0.0172352 -0.645762 0.0382883
989 -0.159831 0.360034 0.684158 0.770903 0.00348448 -0.634745 0.0528731
990 0.00582982 0.383147 0.78431 0.767545 -0.0162516 -0.637094 0.0687115
991 -0.11031 0.276853 0.668786 0.762348 0.0160917 -0.646712 0.0181667
992 -0.155158 0.361631 0.684917 0.766139 0.00326465 -0.640441 0.0534414
993 -0.13057 0.311807 0.687005 0.76187 0.00545923 -0.6469 0.0323235
995 -0.112911 0.32484 0.643031 0.754634 0.0234192 -0.654646 0.0376481
996 -0.127233 0.39212 0.702275 0.763618 -0.0109962 -0.641483 0.0725646
997 -0.110956 0.32199 0.659608 0.755728 0.0202574 -0.653405 0.0390753
998 -0.117239 0.32448 0.676521 0.762024 -0.00076998 -0.645858 0.0467447
999 -0.100487 0.165182 0.21504 0.735294 -0.0286622 -0.674037 0.0647681
1000 -0.0378819 0.374563 0.713897 0.76148 -0.0125707 -0.644105 0.0715453
1003 -0.106858 0.354283 0.611363 0.745758 -0.0128472 -0.663237 0.0616157
1005 -0.141575 0.352007 0.67528 0.774105 0.00895377 -0.630759 0.0531446
1006 -0.127162 0.328318 0.678884 0.774112 0.0152523 -0.631305 0.0444118
1007 -0.147391 0.348342 0.671538 0.775543 0.00813633 -0.628931 0.0539702
1009 -0.161442 0.318149 0.610946 0.765965 0.0266689 -0.6418 0.0260637
1011 -0.165273 0.319735 0.613937 0.77412 0.0253283 -0.631858 0.0292108
1012 -0.174344 0.321887 0.644474 0.780227 0.0196943 -0.624374 0.0318556
1015 -0.193683 0.350166 0.639363 0.777791 0.0103711 -0.626801 0.0453175
1016 -0.190399 0.332136 0.667644 0.779942 0.00990463 -0.624573 0.0387497
1017 -0.181232 0.390423 0.236446 0.749577 -0.0157192 -0.657582 0.0739814
1018 -0.202512 0.350919 0.669664 0.778309 0.00635738 -0.625894 0.0495122
1019 -0.202918 0.349812 0.673408 0.780273 0.00638195 -0.623251 0.0518771
1022 -0.222344 0.348373 0.706836 0.773048 -0.00186669 -0.632209 0.0520179
1023 -0.214034 0.344953 0.6939 0.774763 0.00607301 -0.630062 0.052216
1024 -0.216045 0.34921 0.69503 0.778248 0.00731996 -0.625464 0.0554179
1025 -0.218808 0.358054 0.692159 0.780031 0.00850303 -0.62297 0.0582096
1026 -0.202283 0.35193 0.726764 0.781107 0.0143027 -0.621549 0.0578347
1028 -0.206821 0.374091 0.665962 0.793459 0.0247366 -0.604816 0.063311
1029 -0.231237 0.395183 0.6908 0.77007 0.0101921 -0.634156 0.0688071
1030 -0.150671 0.41949 0.734102 0.765915 -0.0154364 -0.637257 0.0838972
1031 -0.234029 0.37789 0.713956 0.773349 0.00660292 -0.631279 0.0580918
1037 -0.187438 0.523621 0.163407 0.709418 -0.0300998 -0.697741 0.0947534
1039 -0.22111 0.55683 0.364303 0.728866 -0.0284659 -0.677062 0.0976267
1045 -0.0299873 -0.450738 0.184702 -0.677182 0.106962 0.727675 -0.0217163
1049 -0.147193 0.341554 0.0282715 -0.686232 0.0361679 0.722482 -0.0761373
1050 -0.146307 0.342719 0.0319057 -0.684346 0.0364862 0.724394 -0.0747875
1051 -0.147226 0.341999 0.025265 -0.688511 0.0362688 0.720456 -0.0746982
1063 -0.169493 0.473365 0.702432 0.745266 0.0174241 -0.664421 0.0531025
1064 -0.180356 0.439684 0.687005 0.742835 0.0181899 -0.667808 0.0435649
1069 -0.245657 0.725468 0.774201 0.870473 -0.0795503 -0.461888 0.150363
1075 -0.192076 0.77924 0.83574 0.80064 -0.0929701 -0.569965 0.159597
1078 -0.206168 0.803991 0.760905 0.829678 -0.092595 -0.514762 0.195145
1080 -0.0850238 0.737907 0.815469 0.853599 -0.085432 -0.488715 0.158829
1082 -0.0285478 0.79204 0.827015 0.86036 -0.110898 -0.46852 0.167243
1163 0.180142 0.475357 1.23168 0.996136 -0.0299421 0.00283702 0.082509
1170 0.194293 0.442553 1.26093 0.995621 -0.0307826 0.027635 0.0838313
1180 0.130431 0.430934 1.27141 0.996026 -0.0375464 0.0235624 0.0772429
1184 0.134305 0.435484 1.27003 0.995554 -0.0355119 0.0341384 0.0802865
1186 0.145411 0.433662 1.26772 0.995672 -0.0357294 0.030447 0.0802125
1187 0.143564 0.430077 1.26903 0.995776 -0.0342716 0.0328648 0.0785816
1189 0.142553 0.427511 1.26818 0.99577 -0.0306956 0.0363982 0.0785817
1192 0.167646 0.417697 1.26157 0.996599 -0.029868 0.02137 0.073771
1193 0.17656 0.425134 1.25464 0.996668 -0.0261591 0.0270564 0.0723584
1195 0.18147 0.426722 1.24655 0.997494 -0.0194502 0.0134087 0.066685
1196 0.186079 0.42271 1.24569 0.997476 -0.0169343 0.0228723 0.0650473
1198 0.217057 0.421561 1.23505 0.997264 -0.0137592 0.0327297 0.0648361
1210 0.22668 0.499239 1.16816 0.988873 -0.0323222 0.109607 0.0952452
1243 -0.437771 0.63912 1.19416 0.97579 -0.198319 -0.0130601 0.0912832
1245 -0.501331 0.641831 1.21637 0.973409 -0.210062 -0.0107615 0.0907402
1247 -0.571678 0.691836 1.18414 0.969968 -0.212726 -0.0196718 0.116289
1250 -0.592568 0.563657 1.27336 0.971008 -0.217844 -0.0753707 0.0632932
1251 -0.589894 0.577465 1.25623 0.970564 -0.217589 -0.0669547 0.0785925
1252 -0.58552 0.650136 1.30017 0.970027 -0.21161 -0.0595713 0.103542
1253 -0.584639 0.642478 1.23602 0.969382 -0.20958 -0.0571031 0.114515
1254 -0.570668 0.719244 1.24213 0.967935 -0.20151 -0.054444 0.139757
1255 -0.56416 0.625406 1.25114 0.969791 -0.203758 -0.0599871 0.11996
1264 -0.448874 0.529616 1.30256 0.976077 -0.168192 -0.00198011 0.137772
1266 -0.427404 0.395551 1.35374 0.9782 -0.182017 -0.0350806 0.0936183
1285 -0.486148 0.708685 1.40891 0.95365 -0.260251 -0.0744222 0.131465
1286 -0.434459 0.614185 1.41886 0.95265 -0.268191 -0.0916411 0.110153
1287 -0.622387 0.65826 1.38297 0.955049 -0.270523 -0.0485309 0.111098
1292 -0.569656 0.642057 1.59164 0.95171 -0.280584 -0.00107566 0.124576
1294 -0.701 0.547856 1.54405 0.953029 -0.282651 0.0375061 0.10216
1297 -0.627448 0.658119 1.44326 0.951449 -0.273603 1.15367e-05 0.141017
1298 -0.682145 0.410426 1.59565 0.956787 -0.283752 0.00703615 0.0632024
1299 -0.598419 0.521246 1.50059 0.956181 -0.272322 -0.0043363 0.107423
1300 -0.529088 0.486125 1.56049 0.956584 -0.272698 -0.0192806 0.101048
1301 -0.488002 0.617764 1.60447 0.955939 -0.259667 -0.0110475 0.136502
1302 -0.571053 0.49694 1.51285 0.958259 -0.26433 0.00217011 0.108928
1303 -0.557548 0.512982 1.50202 0.957715 -0.264503 -0.00794122 0.112945
1304 -0.539881 0.614569 1.44034 0.955114 -0.256792 -0.00676198 0.147544
1305 -0.541386 0.617906 1.43952 0.955112 -0.257176 -0.0112282 0.146615
1306 -0.546545 0.62057 1.4416 0.95457 -0.259409 -0.0144191 0.145926
1307 -0.522055 0.655177 1.42993 0.951693 -0.261865 -0.0169658 0.159436
1308 -0.549212 0.624377 1.44342 0.954017 -0.260328 -0.0139554 0.14794
1309 -0.547026 0.623003 1.44436 0.954032 -0.260228 -0.0139396 0.14802
1310 -0.586376 0.633173 1.47697 0.954351 -0.25969 0.00508406 0.147474
1311 -0.580909 0.628742 1.47522 0.954662 -0.25844 0.00561372 0.147638
1312 -0.577463 0.623287 1.47616 0.955118 -0.257512 0.00547952 0.14631
1313 -0.566918 0.618934 1.47593 0.955757 -0.254684 0.00627409 0.147055
1314 -0.521959 0.605951 1.44217 0.956306 -0.251821 -0.00868188 0.148286
1315 -0.554734 0.612187 1.47387 0.95687 -0.250891 0.00492126 0.146386
1316 -0.543642 0.604747 1.47301 0.957533 -0.248793 0.00460164 0.145646
1317 -0.542512 0.601103 1.47457 0.957903 -0.247336 0.00770275 0.145558
1318 -0.536767 0.597459 1.47219 0.958475 -0.24602 0.00489136 0.144141
1319 -0.494807 0.589499 1.43956 0.958398 -0.244404 -0.0089662 0.147169
1320 -0.534328 0.596792 1.47684 0.957979 -0.246915 0.00558632 0.145869
1321 -0.538258 0.597909 1.47953 0.958016 -0.246979 0.00488683 0.145541
1322 -0.532018 0.604263 1.47285 0.957351 -0.247845 0.00208571 0.148482
1323 -0.552142 0.613835 1.48989 0.956258 -0.251108 0.00139931 0.150047
1324 -0.552806 0.617411 1.49005 0.956509 -0.249799 0.00498203 0.150556
1325 -0.552082 0.620697 1.48825 0.95681 -0.248385 0.0044827 0.150999
1326 -0.547569 0.618225 1.48653 0.95686 -0.248327 0.00515335 0.150752
1327 -0.545002 0.618035 1.4841 0.957045 -0.247678 0.00509123 0.150646
1328 -0.540623 0.60088 1.47825 0.957455 -0.248762 0.00266488 0.146251
1329 -0.537034 0.609514 1.47323 0.957521 -0.247548 0.00281875 0.147872
1330 -0.540682 0.606993 1.47217 0.957686 -0.24781 0.00341328 0.146344
1331 -0.504196 0.595306 1.43364 0.957911 -0.246947 -0.0122121 0.145854
1332 -0.539357 0.602993 1.46159 0.957878 -0.248174 0.00306766 0.144461
1333 -0.540831 0.605868 1.45649 0.957984 -0.247725 0.00363504 0.144521
1334 -0.539889 0.599428 1.45545 0.958393 -0.247684 0.00336042 0.141859
1335 -0.537989 0.592537 1.45288 0.958672 -0.248043 0.00137613 0.139358
1336 -0.540945 0.588829 1.44823 0.958997 -0.247599 0.00324689 0.137873
1337 -0.542309 0.592729 1.44875 0.959249 -0.246726 0.00411671 0.137662
1338 -0.543047 0.596954 1.44867 0.959053 -0.247564 0.00378905 0.137533
1339 -0.502344 0.586559 1.40989 0.95916 -0.246405 -0.0130867 0.138295
1340 -0.50491 0.57023 1.36419 0.964186 -0.239368 -0.0210341 0.112279
1341 -0.508103 0.578801 1.36537 0.964206 -0.238374 -0.0185504 0.114634
1342 -0.50628 0.577738 1.36547 0.964302 -0.238463 -0.0220537 0.113008
1343 -0.506255 0.577353 1.36589 0.964297 -0.238408 -0.0221657 0.113144
1344 -0.505824 0.569334 1.36878 0.964745 -0.237904 -0.0215587 0.110468
1345 -0.472831 0.563686 1.33607 0.964301 -0.23699 -0.0321615 0.113688
1346 -0.47378 0.568493 1.33631 0.964263 -0.236651 -0.0296447 0.11539
1347 -0.499121 0.579711 1.36152 0.964183 -0.237822 -0.0187418 0.115933
1348 -0.488103 0.4758 1.39922 0.966313 -0.24201 -0.0282651 0.0828924
1349 -0.474809 0.567552 1.33643 0.964175 -0.23716 -0.0307875 0.11478
1350 -0.504279 0.579891 1.36452 0.964264 -0.237824 -0.0171738 0.115496
1351 -0.474861 0.566258 1.33636 0.964139 -0.237461 -0.0296138 0.114762
1352 -0.467683 0.562292 1.33114 0.964819 -0.234686 -0.0234338 0.116177
1354 -0.461827 0.481038 1.37811 0.966445 -0.239425 -0.037286 0.0852666
1355 -0.485885 0.384251 1.4375 0.967833 -0.243937 -0.0319141 0.0526778
1356 -0.46703 0.561869 1.32661 0.964897 -0.23499 -0.0330938 0.112511
1357 -0.493334 0.57208 1.35313 0.964906 -0.236165 -0.0214789 0.112786
1358 -0.493274 0.566106 1.35046 0.965141 -0.235883 -0.0239326 0.110861
1359 -0.491981 0.565206 1.35057 0.965141 -0.235774 -0.0239011 0.111096
1360 -0.465726 0.554452 1.32665 0.964675 -0.235857 -0.0367474 0.111459
1361 -0.418826 0.335044 1.3922 0.9666 -0.244409 -0.0630749 0.044398
1362 -0.478425 0.482142 1.39154 0.966251 -0.240076 -0.0434949 0.0826438
1363 -0.445644 0.533479 1.41409 0.965178 -0.238115 -0.047862 0.0971649
1366 -0.477567 0.549379 1.35853 0.967392 -0.22784 -0.0359762 0.104635
1367 -0.452171 0.559029 1.33676 0.967432 -0.225283 -0.040267 0.10817
1368 -0.443696 0.490085 1.38431 0.96923 -0.224911 -0.0679136 0.0734551
1369 -0.448027 0.561953 1.34483 0.967982 -0.222327 -0.0595379 0.100185
1370 -0.410344 0.551905 1.31914 0.969106 -0.216828 -0.0493585 0.106695
1371 -0.31603 0.478278 1.37503 0.967649 -0.222895 -0.0824599 0.0846975
1372 -0.442724 0.56317 1.35297 0.968325 -0.219693 -0.0525033 0.106417
1373 -0.452117 0.564493 1.36344 0.968376 -0.219784 -0.0489071 0.107473
1374 -0.367012 0.546506 1.37047 0.964097 -0.226822 -0.0873832 0.106929
1375 -0.458261 0.560769 1.35707 0.965715 -0.225455 -0.0720275 0.106659
1377 -0.454932 0.555762 1.35801 0.966635 -0.224475 -0.0613876 0.10705
1381 -0.369724 0.480646 1.32395 0.972031 -0.209957 -0.0147011 0.104205
1382 -0.371118 0.48866 1.32252 0.972577 -0.206769 -0.00551155 0.10635
1383 -0.396304 0.523664 1.3396 0.971513 -0.205475 0.0147375 0.117153
1384 -0.391752 0.514801 1.33847 0.972129 -0.204009 0.0166114 0.114324
1385 -0.390217 0.523904 1.33313 0.971906 -0.203298 0.0175562 0.117308
1386 -0.395637 0.508821 1.3319 0.972808 -0.20338 0.0159907 0.109664
1387 -0.390883 0.524599 1.32061 0.972659 -0.202189 0.0172477 0.112949
1388 -0.368019 0.510887 1.27963 0.972832 -0.202957 0.00440185 0.111293
1389 -0.37131 0.510006 1.27234 0.972947 -0.203771 0.00451315 0.108774
1390 -0.379628 0.506698 1.2646 0.973162 -0.205067 0.00328697 0.104363
1391 -0.373845 0.487844 1.26495 0.973518 -0.207428 -0.00156584 0.0960951
1392 -0.410768 0.51612 1.27412 0.972574 -0.209853 0.0059487 0.100127
1393 -0.393649 0.51318 1.23936 0.97271 -0.210181 -0.00434149 0.0981866
1394 -0.419969 0.518282 1.26105 0.972314 -0.21324 0.00282273 0.0955348
1395 -0.406265 0.517036 1.22299 0.972384 -0.21386 -0.00659899 0.0932228
1396 -0.43327 0.527189 1.24797 0.97237 -0.214699 0.00412557 0.091565
1397 -0.41444 0.516451 1.21049 0.972346 -0.21594 -0.0092921 0.0884737
1398 -0.411828 0.455113 1.24252 0.973066 -0.220847 -0.00967428 0.0653843
1399 -0.414745 0.518868 1.19955 0.972359 -0.21677 -0.00897976 0.086298
1400 -0.406463 0.501642 1.19973 0.972891 -0.217512 -0.0193993 0.0761266
1401 -0.439757 0.537122 1.2142 0.972239 -0.218618 -0.0131809 0.0823646
1402 -0.417314 0.52182 1.1881 0.972432 -0.217931 -0.0268142 0.0785084
1403 -0.437332 0.539305 1.18996 0.972089 -0.217739 -0.0116264 0.086588
1404 -0.449566 0.535708 1.22551 0.971478 -0.221443 -0.00485391 0.0846766
1405 -0.428493 0.530411 1.20251 0.971129 -0.221803 -0.0154257 0.0864554
1406 -0.43391 0.532891 1.21011 0.970683 -0.223104 -0.0147882 0.0882116
1407 -0.437721 0.535608 1.21689 0.970221 -0.224253 -0.0164802 0.0900521
1408 -0.440048 0.537312 1.2244 0.96985 -0.225149 -0.0231351 0.0903488
1409 -0.471864 0.551138 1.26682 0.969613 -0.225864 -0.00574655 0.0938188
1410 -0.440019 0.541027 1.23655 0.969374 -0.225226 -0.0205845 0.0957213
1411 -0.464105 0.553985 1.27222 0.969375 -0.224734 -0.00794602 0.0987066
1412 -0.44054 0.534226 1.25088 0.969456 -0.224081 -0.0198192 0.0977269
1413 -0.437708 0.535453 1.25282 0.969342 -0.223908 -0.0247767 0.0981212
1414 -0.435876 0.531872 1.25664 0.969561 -0.222736 -0.0242319 0.0987602
1415 -0.456411 0.546228 1.28742 0.969788 -0.221535 -0.0108535 0.101569
1416 -0.465328 0.545686 1.29238 0.968646 -0.224004 -0.0612275 0.0883101
1417 -0.462924 0.54814 1.29062 0.968478 -0.224127 -0.0609596 0.0900072
1418 -0.463659 0.54875 1.29101 0.968402 -0.224326 -0.0611394 0.0902037
1419 -0.464862 0.549176 1.29175 0.968399 -0.22436 -0.0613092 0.0900379
1420 -0.463049 0.547675 1.29197 0.968365 -0.224471 -0.0612892 0.0901397
1421 -0.466664 0.54893 1.29752 0.968696 -0.22397 -0.0571276 0.0905639
1422 -0.46311 0.553915 1.29389 0.968167 -0.224934 -0.0575363 0.0935269
1423 -0.459748 0.559104 1.29072 0.967648 -0.225505 -0.0610176 0.0952975
1424 -0.466808 0.552832 1.29674 0.968081 -0.224917 -0.0621405 0.0914875
1425 -0.468847 0.549895 1.30087 0.968342 -0.224612 -0.0609879 0.0902415
1426 -0.467099 0.5552 1.30193 0.96848 -0.223886 -0.0582209 0.0923645
1427 -0.46021 0.55443 1.29451 0.968031 -0.22433 -0.0623418 0.0933042
1428 -0.46727 0.560526 1.3045 0.968733 -0.222302 -0.0577047 0.0938485
1429 -0.463185 0.546143 1.30271 0.968775 -0.223199 -0.0564286 0.0920514
1430 -0.461641 0.5448 1.30369 0.969091 -0.222112 -0.0563619 0.0913871
1431 -0.450437 0.540656 1.29629 0.969376 -0.220524 -0.0549339 0.0930626
1432 -0.446967 0.545697 1.29691 0.969362 -0.219721 -0.055929 0.0945078
1433 -0.442932 0.535579 1.29582 0.969741 -0.218524 -0.0582272 0.0919723
1434 -0.443169 0.540519 1.29992 0.969656 -0.218312 -0.0570005 0.0941216
1435 -0.442757 0.536786 1.301 0.96996 -0.21746 -0.0571658 0.0928483
1436 -0.435046 0.532436 1.30099 0.970494 -0.215255 -0.0587844 0.0913813
1437 -0.430805 0.531051 1.29647 0.970501 -0.215008 -0.0577568 0.0925443
1438 -0.427297 0.531969 1.29662 0.970432 -0.214462 -0.0616881 0.0919967
1439 -0.430825 0.532488 1.29776 0.970482 -0.2144 -0.0620014 0.0913955
1440 -0.426756 0.52805 1.29685 0.97071 -0.213801 -0.0622738 0.0901891
1441 -0.425666 0.527786 1.29435 0.970752 -0.213672 -0.0615733 0.0905121
1442 -0.425951 0.528673 1.29594 0.970754 -0.213668 -0.0618671 0.0903113
1443 -0.425661 0.529303 1.29447 0.970745 -0.213826 -0.061453 0.0903105
1444 -0.426649 0.524025 1.29271 0.970681 -0.214358 -0.0645706 0.0875147
1445 -0.426868 0.52495 1.29308 0.97064 -0.214507 -0.0646997 0.0875086
1446 -0.423758 0.523413 1.28988 0.970708 -0.214456 -0.0638243 0.0875295
1447 -0.431529 0.536396 1.29291 0.97045 -0.214817 -0.0619658 0.0907845
1448 -0.430666 0.537871 1.29348 0.970366 -0.215133 -0.062204 0.0907644
1449 -0.43666 0.541896 1.29626 0.970516 -0.215067 -0.059461 0.0911543
1450 -0.438659 0.545667 1.29496 0.97016 -0.215385 -0.0638762 0.0912074
1451 -0.437422 0.533794 1.29557 0.97085 -0.215005 -0.0590126 0.087981
1452 -0.428029 0.54165 1.27881 0.969945 -0.215367 -0.0694524 0.0894438
1453 -0.431083 0.530165 1.27704 0.970298 -0.215739 -0.0693811 0.0846429
1454 -0.431513 0.533278 1.27678 0.97021 -0.216221 -0.0691812 0.0845817
1455 -0.434201 0.541189 1.27674 0.97022 -0.215737 -0.0690942 0.0857741
1456 -0.432744 0.536706 1.26622 0.969866 -0.21487 -0.0819208 0.0805031
1457 -0.432481 0.546773 1.26565 0.970155 -0.214505 -0.0775894 0.08226
1458 -0.441404 0.547032 1.26889 0.970206 -0.214106 -0.0818592 0.0784688
1459 -0.447449 0.544916 1.26647 0.970369 -0.214271 -0.0810959 0.0767805
1460 -0.438625 0.549119 1.25239 0.969944 -0.21538 -0.0797082 0.0804081
1461 -0.448423 0.543374 1.25521 0.970196 -0.215763 -0.0799809 0.0759487
1462 -0.44501 0.542302 1.24133 0.969881 -0.216686 -0.0810208 0.0762495
1463 -0.449034 0.536135 1.23947 0.970526 -0.21676 -0.075744 0.0731958
1464 -0.451558 0.537504 1.23969 0.971087 -0.216083 -0.0717253 0.0717852
1465 -0.443994 0.54804 1.21987 0.970122 -0.216236 -0.0815103 0.0739028
1466 -0.446983 0.529817 1.22 0.970202 -0.21653 -0.0873339 0.0647763
1467 -0.446634 0.528 1.21782 0.971042 -0.21418 -0.0854044 0.0625267
1468 -0.439219 0.531673 1.20636 0.971272 -0.213938 -0.0804207 0.0662866
1469 -0.439174 0.526506 1.20792 0.971922 -0.212684 -0.0768676 0.0650027
1470 -0.437514 0.52537 1.20394 0.972007 -0.212509 -0.0759277 0.0654046
1471 -0.432877 0.519854 1.19629 0.972743 -0.210456 -0.0730571 0.064361
1472 -0.428378 0.516686 1.18566 0.972561 -0.210547 -0.0765408 0.0627474
1473 -0.423018 0.522703 1.17731 0.972743 -0.209046 -0.0771387 0.0641952
1474 -0.425752 0.514322 1.17744 0.973185 -0.209309 -0.0733071 0.0610466
1475 -0.426421 0.516183 1.17647 0.973668 -0.207942 -0.0718255 0.059761
1476 -0.421795 0.512102 1.16589 0.973487 -0.208689 -0.0729268 0.0587755
1477 -0.422446 0.510547 1.16288 0.973721 -0.208463 -0.0716568 0.0572299
1478 -0.423499 0.520533 1.15979 0.973741 -0.207628 -0.0720759 0.0593613
1479 -0.425798 0.521502 1.15119 0.97326 -0.209058 -0.0755874 0.0578556
1480 -0.393407 0.572491 1.10783 0.969704 -0.214597 -0.0859774 0.0789346
1481 -0.441345 0.521916 1.14924 0.972937 -0.213481 -0.0702214 0.0537386
1482 -0.441807 0.522876 1.15007 0.972935 -0.213392 -0.0704286 0.0538622
1483 -0.441517 0.522681 1.15037 0.972932 -0.213364 -0.0704805 0.0539584
1484 -0.399656 0.566867 1.11568 0.969726 -0.215933 -0.0845029 0.0765796
1485 -0.442926 0.524625 1.15271 0.972681 -0.214126 -0.0711392 0.0545937
1486 -0.442621 0.523993 1.1557 0.97284 -0.21354 -0.0711941 0.0539783
1487 -0.441651 0.52389 1.15415 0.972813 -0.213621 -0.0707416 0.0547413
1488 -0.439684 0.523517 1.15509 0.97296 -0.212975 -0.0705916 0.0548441
1489 -0.438981 0.522534 1.15314 0.973037 -0.212715 -0.0700255 0.0552127
1490 -0.440317 0.527971 1.15566 0.972972 -0.213232 -0.0670217 0.0580112
1491 -0.437105 0.523182 1.15607 0.972784 -0.213689 -0.0694553 0.0566046
1492 -0.437546 0.524236 1.16219 0.97346 -0.212105 -0.0626849 0.0588071
1493 -0.432752 0.51906 1.16202 0.973037 -0.212538 -0.0684357 0.0578113
1494 -0.431181 0.525894 1.16168 0.972897 -0.212317 -0.0683137 0.0610489
1495 -0.436319 0.523367 1.16962 0.972988 -0.211656 -0.0714151 0.0582767
1496 -0.432924 0.529118 1.1694 0.972402 -0.212804 -0.0735617 0.0611375
1497 -0.441992 0.526379 1.17556 0.971781 -0.213585 -0.0820143 0.0574213
1498 -0.437514 0.477246 1.21836 0.972064 -0.217425 -0.0774252 0.0427092
1499 -0.452738 0.532882 1.19397 0.97105 -0.217878 -0.074509 0.0635585
1500 -0.392987 0.515813 1.2411 0.971225 -0.217661 -0.0754955 0.0603782
1501 -0.454417 0.533266 1.20803 0.971456 -0.221263 -0.0364605 0.0773701
1502 -0.46868 0.53414 1.22136 0.971575 -0.22103 -0.0414416 0.0739673
1503 -0.464304 0.548652 1.21569 0.970378 -0.223065 -0.0431729 0.0821247
1504 -0.467397 0.540835 1.22183 0.970578 -0.222805 -0.04662 0.0785031
1505 -0.467185 0.540898 1.22141 0.970174 -0.223791 -0.0493209 0.0790395
1506 -0.466729 0.537866 1.22425 0.9705 -0.22261 -0.0500563 0.0779012
1507 -0.468105 0.539717 1.2296 0.970801 -0.221121 -0.0514149 0.077507
1508 -0.456619 0.538273 1.22391 0.97097 -0.219372 -0.0542141 0.0784491
1509 -0.452912 0.533307 1.22577 0.971372 -0.218244 -0.0534884 0.0771064
1510 -0.452103 0.528367 1.22767 0.971731 -0.217621 -0.0509145 0.0760828
1511 -0.442844 0.527747 1.2201 0.971894 -0.215744 -0.0555174 0.0761183
1512 -0.437398 0.526738 1.21963 0.972326 -0.213806 -0.0553109 0.0762223
1513 -0.431447 0.523325 1.21536 0.972358 -0.213022 -0.059581 0.074779
1514 -0.425546 0.518089 1.21295 0.972806 -0.211704 -0.0576267 0.0742254
1515 -0.426179 0.522702 1.2133 0.972853 -0.210975 -0.0589078 0.0746723
1516 -0.421133 0.51977 1.21025 0.973239 -0.209387 -0.0594806 0.0736575
1517 -0.420674 0.52025 1.21008 0.973218 -0.209478 -0.0595161 0.0736485
1518 -0.418775 0.51445 1.20639 0.973196 -0.209559 -0.062589 0.071107
1519 -0.419861 0.51101 1.20593 0.972982 -0.210229 -0.0660217 0.0689274
1520 -0.416399 0.518097 1.20271 0.972967 -0.208877 -0.068441 0.0708562
1521 -0.421197 0.511135 1.20564 0.973143 -0.208219 -0.0727002 0.0659733
1522 -0.415197 0.512861 1.19826 0.973062 -0.208713 -0.0696743 0.0688114
1523 -0.418527 0.513073 1.2001 0.97247 -0.209778 -0.0764509 0.0667171
1524 -0.424713 0.51151 1.20604 0.972754 -0.209235 -0.0757295 0.0650815
1525 -0.424959 0.507764 1.2079 0.972786 -0.210065 -0.0734604 0.0645248
1526 -0.425363 0.515674 1.20717 0.972436 -0.21065 -0.0737018 0.0675543
1527 -0.425188 0.513986 1.20869 0.972758 -0.210206 -0.0695156 0.0687193
1528 -0.426246 0.512802 1.21574 0.973352 -0.210843 -0.0545273 0.0718233
1529 -0.423694 0.51314 1.21985 0.973172 -0.211738 -0.0499223 0.0749093
1531 -0.359095 0.37776 1.25041 0.974243 -0.218483 -0.0237656 0.050515
1533 -0.412872 0.506753 1.24167 0.973541 -0.208807 0.00317531 0.0927703
1534 -0.40997 0.509501 1.24252 0.973394 -0.208438 0.00333193 0.0951079
1535 -0.387883 0.500556 1.21426 0.973535 -0.207392 -0.00334153 0.0959574
1536 -0.417506 0.508725 1.25139 0.973784 -0.207898 0.00286726 0.0922768
1537 -0.412984 0.512685 1.2396 0.973243 -0.210565 -0.00951845 0.0914839
1538 -0.382709 0.369398 1.28569 0.973667 -0.221832 -0.0277755 0.0446197
1539 -0.398599 0.506364 1.2077 0.973137 -0.211071 -0.0328393 0.0858747
1540 -0.4002 0.508576 1.20562 0.972806 -0.212424 -0.0330503 0.0862088
1541 -0.430362 0.510254 1.23929 0.973189 -0.213766 -0.0182364 0.0829081
1542 -0.403494 0.506392 1.20283 0.972877 -0.213177 -0.0291376 0.0849503
1543 -0.426243 0.518849 1.22537 0.972728 -0.214385 -0.0166598 0.0869545
1544 -0.415978 0.509444 1.17319 0.972852 -0.215922 -0.0244318 0.0796246
1545 -0.434418 0.514373 1.19622 0.972761 -0.217269 -0.0144868 0.079495
1546 -0.417059 0.50971 1.17208 0.972757 -0.216469 -0.0239006 0.0794528
1547 -0.439347 0.524868 1.19778 0.972587 -0.217223 -0.0132271 0.0819422
1548 -0.416308 0.508916 1.16991 0.972677 -0.216939 -0.0267846 0.0782312
1549 -0.443224 0.517986 1.19649 0.972834 -0.21745 -0.0143584 0.0781261
1550 -0.440448 0.518587 1.19512 0.972773 -0.217553 -0.0137934 0.0786941
1551 -0.44085 0.518934 1.19508 0.972751 -0.217658 -0.013755 0.0786794
1552 -0.444661 0.523004 1.19386 0.972487 -0.218352 -0.0135002 0.0800532
1553 -0.446825 0.52472 1.19604 0.972431 -0.218726 -0.0140308 0.0796299
1554 -0.449603 0.522637 1.19749 0.972572 -0.21862 -0.0156001 0.077883
1555 -0.449302 0.522696 1.19677 0.972567 -0.218659 -0.0154048 0.0778675
1556 -0.444177 0.524471 1.18706 0.971936 -0.22001 -0.0266815 0.0788952
1557 -0.449939 0.524999 1.19238 0.972531 -0.218563 -0.0203307 0.0774611
1558 -0.450995 0.526847 1.19449 0.972488 -0.218819 -0.0207828 0.077164
1559 -0.450148 0.532584 1.19543 0.972155 -0.2196 -0.015961 0.0802203
1560 -0.452105 0.532952 1.19764 0.972165 -0.219647 -0.0161914 0.0799287
1561 -0.454259 0.534002 1.19712 0.971915 -0.220384 -0.0187728 0.0803736
1562 -0.454199 0.534602 1.20011 0.971535 -0.22125 -0.0227972 0.0815435
1563 -0.459178 0.531348 1.21183 0.971468 -0.221589 -0.0158409 0.0830541
1564 -0.462208 0.53443 1.21585 0.971319 -0.221769 -0.0175798 0.0839528
1565 -0.45955 0.532566 1.21273 0.971036 -0.222405 -0.0186207 0.0853145
1566 -0.457911 0.531111 1.21528 0.970945 -0.222826 -0.0186869 0.0852362
1567 -0.463846 0.532287 1.23118 0.971376 -0.221234 -0.0135207 0.0854462
1568 -0.431524 0.524863 1.2007 0.97101 -0.220718 -0.0232387 0.0887908
1569 -0.457876 0.533944 1.23724 0.971084 -0.221471 -0.0089773 0.0886903
1570 -0.42858 0.523988 1.20938 0.971074 -0.220383 -0.021418 0.0893716
1571 -0.426719 0.52323 1.21402 0.970912 -0.22043 -0.0211836 0.0910635
1572 -0.425357 0.524079 1.21846 0.970909 -0.219712 -0.0209638 0.0928576
1573 -0.453864 0.529757 1.25964 0.971331 -0.219116 -0.00497161 0.0920898
1574 -0.446238 0.535178 1.25567 0.970886 -0.219018 -0.00394051 0.0969355
1575 -0.444703 0.529019 1.2579 0.970939 -0.219089 -0.00434454 0.0962251
1576 -0.42225 0.522704 1.23352 0.971002 -0.217857 -0.0151854 0.0972754
1577 -0.420423 0.521113 1.23576 0.971027 -0.217697 -0.0169549 0.0970949
1578 -0.419419 0.523374 1.2382 0.970936 -0.217378 -0.016479 0.098785
1579 -0.419068 0.521111 1.2389 0.970943 -0.217479 -0.0174848 0.0983161
1580 -0.418667 0.520464 1.2392 0.97095 -0.217473 -0.0172416 0.0983091
1581 -0.442147 0.525717 1.2673 0.970874 -0.218703 -0.00540048 0.0976896
1582 -0.421765 0.520739 1.23848 0.970939 -0.217749 -0.0173085 0.097793
1583 -0.451862 0.532269 1.27148 0.970883 -0.218863 -0.00529337 0.0972435
1584 -0.424248 0.521665 1.23544 0.970787 -0.21863 -0.0184682 0.0971158
1585 -0.45396 0.531488 1.26659 0.970809 -0.219558 -0.00457411 0.0964556
1586 -0.452395 0.527063 1.26142 0.970846 -0.220225 -0.00727279 0.0943758
1587 -0.42941 0.518934 1.22853 0.970974 -0.219295 -0.0189587 0.0935918
1588 -0.42788 0.52064 1.22375 0.971013 -0.219155 -0.0181207 0.0936865
1589 -0.448908 0.534361 1.24704 0.970841 -0.219907 -0.00856567 0.0950555
1590 -0.423673 0.519045 1.21754 0.971102 -0.219301 -0.0192238 0.0921873
1591 -0.424306 0.517422 1.21403 0.971314 -0.218913 -0.0198524 0.0907325
1592 -0.423203 0.515661 1.21087 0.971546 -0.218243 -0.019703 0.0898872
1593 -0.44668 0.522574 1.24096 0.97154 -0.219224 -0.00750198 0.0894109
1594 -0.440802 0.521463 1.23522 0.971786 -0.218105 -0.00634309 0.0895687
1595 -0.440032 0.51804 1.23405 0.972075 -0.217306 -0.00424472 0.088491
1596 -0.439711 0.520915 1.23389 0.972355 -0.216011 -0.00387489 0.088597
1597 -0.414488 0.511536 1.19783 0.972417 -0.215213 -0.0157465 0.0885445
1598 -0.414053 0.509244 1.19691 0.972505 -0.215252 -0.0167693 0.0872855
1599 -0.434809 0.522268 1.22104 0.972474 -0.21528 -0.00508117 0.0890083
1600 -0.414867 0.50895 1.19266 0.972609 -0.215131 -0.0162587 0.0865228
1601 -0.414823 0.509204 1.19169 0.972572 -0.215283 -0.0158907 0.0866267
1602 -0.414062 0.510202 1.18929 0.972576 -0.215235 -0.0157617 0.0867297
1603 -0.414214 0.51236 1.18779 0.972419 -0.215567 -0.0159861 0.0876107
1604 -0.438638 0.530273 1.2549 0.971729 -0.21576 -0.0115339 0.0951665
1605 -0.41439 0.516429 1.22463 0.971885 -0.215112 -0.0240506 0.0926684
1606 -0.415228 0.51603 1.22376 0.971856 -0.215346 -0.0248312 0.0922259
1607 -0.413392 0.515433 1.22163 0.971825 -0.21557 -0.0264224 0.0915876
1608 -0.396468 0.658039 1.17036 0.966233 -0.228787 -0.0858599 0.0817192
1609 -0.391731 0.614269 1.22209 0.967606 -0.230749 -0.0803094 0.0635958
1611 -0.40012 0.671507 1.1643 0.965101 -0.231769 -0.087184 0.0852216
1612 -0.369671 0.594423 1.18937 0.965819 -0.233425 -0.0960745 0.058949
1613 -0.402093 0.666311 1.15674 0.965466 -0.23277 -0.0793702 0.0859869
1615 -0.333598 0.665386 1.17453 0.961993 -0.237874 -0.107433 0.0802753
1616 -0.396531 0.680912 1.13363 0.96406 -0.231566 -0.101938 0.0810869
1617 -0.389112 0.635248 1.18712 0.966065 -0.232453 -0.0942777 0.0616139
1618 -0.392582 0.677413 1.12555 0.964432 -0.23297 -0.0953606 0.08063
1619 -0.391231 0.688596 1.11358 0.963347 -0.232668 -0.107922 0.0786203
1620 -0.38063 0.645101 1.16308 0.966167 -0.231746 -0.0963405 0.0594497
1621 -0.377494 0.698661 1.08064 0.963976 -0.229456 -0.108682 0.0792971
1622 -0.373718 0.707575 1.06911 0.964197 -0.227594 -0.108224 0.0825421
1623 -0.370156 0.710493 1.04868 0.96114 -0.228462 -0.133307 0.0790244
1624 -0.30075 0.595829 1.08206 0.956853 -0.239886 -0.158074 0.0435818
1636 -0.0740852 0.706978 0.868261 0.922335 -0.218936 -0.310895 0.0686263
1641 -0.110107 0.794257 0.842871 0.887712 -0.217423 -0.390289 0.111213
1647 -0.0448671 0.816591 0.891368 0.873487 -0.210394 -0.421588 0.122547
1648 -0.0380526 0.816202 0.886263 0.871354 -0.209869 -0.426039 0.123239
1649 -0.0359973 0.826848 0.901033 0.87187 -0.214034 -0.422315 0.125227
1650 -0.0180784 0.815197 0.883732 0.868447 -0.207172 -0.434225 0.119702
1651 -0.0225981 0.821262 0.896555 0.869637 -0.21269 -0.428181 0.123106
1652 -0.00977629 0.801272 0.877821 0.867554 -0.207215 -0.436415 0.118124
1653 -0.0185173 0.814325 0.892716 0.86977 -0.212274 -0.428028 0.123417
1654 -0.0183605 0.811751 0.889913 0.870365 -0.212371 -0.4269 0.122962
1655 -0.0192947 0.809902 0.889547 0.867993 -0.212999 -0.432514 0.118963
1656 -0.0120719 0.799131 0.869399 0.864961 -0.207433 -0.442226 0.11511
1657 0.0186539 0.746062 0.891216 0.858893 -0.208667 -0.458496 0.0924271
1658 -0.0204188 0.784682 0.855795 0.856571 -0.207678 -0.46083 0.103885
1659 -0.0200302 0.776587 0.84883 0.857224 -0.20504 -0.461662 0.0999722
1660 -0.0180963 0.770335 0.835333 0.858709 -0.202602 -0.46047 0.0976692
1661 0.0815787 0.761051 0.883073 0.857731 -0.188776 -0.471424 0.0801283
1662 0.0256433 0.735296 0.854164 0.861801 -0.195722 -0.461175 0.0794319
1683 0.174436 0.749816 -0.316332 0.819244 -0.18694 -0.526176 0.130502
1685 0.158023 0.660126 0.0913217 0.832575 -0.195306 -0.503895 0.12151
1690 0.113928 0.730064 0.0222532 0.769045 -0.207995 -0.591102 0.12612
1691 0.111325 0.730228 0.0168118 0.766944 -0.211364 -0.59195 0.129292
1692 0.106598 0.729809 0.00942917 0.764101 -0.214752 -0.593228 0.134582
1694 0.143758 0.871009 0.87408 0.821015 -0.18398 -0.530872 0.101294
1885 -0.102803 1.65069 10.7143 -0.32046 -0.0223703 0.924428 0.205516
1886 -0.079647 1.64941 10.7334 -0.327314 -0.0151597 0.923568 0.199141
1889 -0.0834963 1.71302 10.6227 -0.306307 -0.00947596 0.931838 0.194331
1891 -0.106487 1.52412 10.727 -0.274895 0.0216474 0.943894 0.181739
1892 -0.0947691 1.65784 10.7472 -0.265589 -0.0158223 0.942004 0.20455
1896 -0.195214 1.56408 10.7859 -0.0277963 -0.0466448 0.978675 0.198107
1897 -0.207628 1.55659 10.7866 -0.0282696 -0.047089 0.978658 0.198019
1898 -0.309737 1.51006 10.7945 0.00978896 -0.0310349 0.98023 0.195165
1899 -0.314151 1.49669 10.8118 0.0097116 -0.0317239 0.980163 0.195395
1902 -0.164717 1.51779 10.8683 -0.0836801 -0.028138 0.981528 0.169734
1903 -0.244614 1.52447 10.9032 -0.0428111 -0.0163312 0.98632 0.158344
1904 -0.245032 1.51786 10.9212 -0.0417057 -0.0166488 0.987315 0.152294
1905 -0.239901 1.50062 10.9525 -0.0402174 -0.0129681 0.987655 0.15084
1906 -0.243694 1.53445 10.8828 -0.0301002 -0.0106721 0.988328 0.148957
1907 -0.19698 1.45497 10.972 -0.0665967 0.014648 0.987765 0.140254
1909 -0.178795 1.52822 11.0799 -0.0785733 0.0154634 0.985535 0.14936
1910 -0.192653 1.54408 11.0965 -0.0796597 0.016226 0.984908 0.152796
1911 -0.220879 1.5128 11.1199 -0.0684481 0.0324728 0.985522 0.151683
1912 -0.262292 1.51826 11.1194 -0.0707135 0.0326066 0.984582 0.156638
1913 -0.245426 1.52604 11.1571 -0.070014 0.0328775 0.984764 0.155748
1915 -0.224457 1.52126 11.1937 -0.0523553 0.0426139 0.9846 0.161266
1917 -0.209592 1.5358 11.2261 -0.0478891 0.0427153 0.983007 0.171988
1918 -0.224175 1.55084 11.24 -0.0489634 0.0432163 0.982207 0.176082
1919 -0.22255 1.55689 11.2494 -0.0489634 0.0434626 0.982091 0.176665
1920 -0.204936 1.55777 11.2652 -0.0482095 0.043629 0.981869 0.178061
1927 -0.179174 1.44305 11.3555 -0.113079 0.106016 0.978833 0.13364
1928 -0.062153 1.40121 11.3904 -0.107684 0.104429 0.980046 0.130415
1929 -0.05984 1.40241 11.3903 -0.107593 0.104494 0.98005 0.130411
1930 -0.060841 1.4036 11.3913 -0.107636 0.104525 0.980046 0.130379
1931 -0.0679564 1.40647 11.3919 -0.107946 0.104588 0.980018 0.130284
1932 -0.0728992 1.4074 11.3928 -0.108154 0.10458 0.98001 0.13018
1933 -0.0758643 1.40766 11.3952 -0.10826 0.104511 0.980063 0.129747
1934 -0.075319 1.40709 11.3953 -0.108234 0.104491 0.980067 0.129752
1937 -0.12443 1.50822 11.374 -0.0541436 0.0569987 0.985825 0.148221
1938 -0.126346 1.51187 11.3735 -0.0542463 0.0571418 0.985817 0.14818
1939 -0.121219 1.51178 11.3755 -0.0538012 0.0571288 0.986247 0.145463
1940 -0.114441 1.51112 11.3757 -0.0535124 0.0571448 0.986253 0.145517
1941 -0.146124 1.51926 11.3757 -0.0549592 0.0572994 0.986117 0.145838
1942 -0.107202 1.50681 11.3855 -0.0640453 0.0646393 0.985994 0.139772
1943 -0.121998 1.51484 11.3857 -0.0647642 0.064898 0.985881 0.140115
1946 -0.100081 1.50511 11.3933 -0.0899209 0.0658835 0.984482 0.135533
1947 -0.101328 1.50728 11.3931 -0.0899861 0.0659678 0.984472 0.135519
1948 -0.102344 1.5077 11.393 -0.0900316 0.0659793 0.984467 0.135517
1949 -0.113064 1.50359 11.3904 -0.0906765 0.065964 0.98395 0.138811
1950 -0.116508 1.49944 11.3867 -0.0908584 0.0658278 0.983823 0.139657
1951 -0.113935 1.49599 11.3852 -0.0907366 0.0657139 0.983814 0.139854
1952 -0.113825 1.49403 11.3826 -0.0907493 0.0656721 0.983719 0.140533
1954 -0.106553 1.51132 11.3749 -0.0794686 0.0556123 0.984773 0.144272
1955 -0.11361 1.51149 11.3715 -0.0799452 0.0557339 0.984343 0.14687
1956 -0.116414 1.51008 11.3704 -0.0801389 0.055724 0.984101 0.148382
1957 -0.119324 1.5057 11.3683 -0.0802233 0.0555402 0.98405 0.148746
1958 -0.121838 1.50357 11.3685 -0.0803165 0.0554331 0.984047 0.148756
1959 -0.124855 1.50504 11.3661 -0.0806194 0.055602 0.983588 0.15154
1960 -0.128218 1.50507 11.3661 -0.0807616 0.0555806 0.983579 0.151528
1961 -0.0742256 1.46172 11.311 -0.0692249 0.0422114 0.986717 0.140767
1962 -0.0667339 1.45973 11.3144 -0.0688355 0.0421331 0.986835 0.140153
1963 -0.0648387 1.4594 11.3145 -0.0687527 0.0421308 0.98684 0.14016
1964 -0.0641439 1.46064 11.3159 -0.0686335 0.0421231 0.987027 0.138899
1965 -0.0626786 1.45996 11.3159 -0.0685668 0.0421032 0.987032 0.138903
1966 -0.0535744 1.45721 11.3165 -0.0681686 0.0420448 0.987047 0.139011
1967 -0.055521 1.45924 11.3186 -0.068445 0.0422272 0.986772 0.14076
1968 -0.0441709 1.465 11.321 -0.0680713 0.0425942 0.98668 0.141475
1969 -0.0346074 1.47158 11.3213 -0.0679059 0.0430556 0.986319 0.143911
1970 -0.042535 1.47708 11.3187 -0.0684765 0.0433565 0.986012 0.145639
1971 -0.0387389 1.47561 11.3189 -0.0683105 0.043321 0.986015 0.145709
1972 -0.0467537 1.47957 11.3168 -0.0690512 0.0436441 0.985423 0.149227
1973 -0.0515273 1.48173 11.3164 -0.069265 0.0437033 0.985414 0.149167
1974 -0.0516657 1.48282 11.3162 -0.0692787 0.0437497 0.985411 0.14917
1975 -0.0496968 1.48134 11.3164 -0.0691883 0.0437012 0.985413 0.149214
1976 -0.0597994 1.48202 11.3141 -0.0698943 0.0438106 0.984996 0.151584
1978 -0.0551314 1.46418 11.3209 -0.074375 0.0487207 0.984601 0.150517
1979 -0.0394672 1.46523 11.3235 -0.0737146 0.048915 0.984473 0.151613
1980 -0.0365986 1.46535 11.3235 -0.0735966 0.0489418 0.984473 0.151662
1981 -0.0640275 1.47531 11.3192 -0.0545463 0.0457703 0.985135 0.156332
1982 -0.0661397 1.48151 11.3158 -0.055017 0.0461281 0.984455 0.160295
1983 -0.0671953 1.48463 11.3154 -0.0550847 0.046255 0.984444 0.160297
1984 -0.0781384 1.50963 11.3067 -0.0524926 0.0381743 0.983106 0.171142
1985 -0.0876304 1.51503 11.3042 -0.0533656 0.0384638 0.982257 0.175625
1986 -0.0626767 1.42571 11.3029 -0.0821813 0.0777143 0.979729 0.16534
1987 -0.107102 1.52338 11.2984 -0.0656236 0.0410963 0.980312 0.181638
1988 -0.101703 1.5186 11.2991 -0.0651024 0.0408185 0.980865 0.178883
1989 -0.0983069 1.52207 11.293 -0.097845 0.04073 0.979725 0.170018
1990 -0.0929997 1.51764 11.2959 -0.0819469 0.0375997 0.981324 0.169923
1991 -0.0949614 1.51855 11.2958 -0.0820341 0.037622 0.981323 0.169885
1992 -0.042028 1.53494 11.3226 -0.112414 0.0530594 0.976662 0.175154
1993 -0.0403701 1.5359 11.3225 -0.112352 0.0531139 0.976664 0.175164
1997 -0.0329578 1.54617 11.3317 -0.139054 0.0579293 0.974029 0.169043
1998 -0.0263408 1.54784 11.3357 -0.138664 0.0579156 0.974249 0.168098
1999 -0.0301443 1.5505 11.3353 -0.138841 0.0579952 0.974228 0.168047
2008 -0.0584593 1.51054 11.384 -0.0997308 0.0638316 0.978722 0.167581
2009 -0.0434767 1.50957 11.3922 -0.0989117 0.0636996 0.979171 0.165479
2010 -0.0394627 1.50936 11.397 -0.0985505 0.063505 0.979667 0.162813
2012 -0.0238636 1.50409 11.4057 -0.0882169 0.062213 0.981048 0.160911
2013 -0.00876213 1.49952 11.4118 -0.0872832 0.0619193 0.981657 0.157791
2014 -0.00412398 1.49851 11.4139 -0.0869707 0.0618474 0.981877 0.156615
2015 -0.000234527 1.47977 11.4205 -0.0816281 0.0687382 0.982703 0.151352
2016 0.00872731 1.47643 11.424 -0.0811085 0.068547 0.982955 0.150075
2017 0.0106864 1.47046 11.4277 -0.0703201 0.0691734 0.9837 0.150349
2018 0.0121719 1.47339 11.4201 -0.0703648 0.0693735 0.983528 0.151357
2019 0.0258482 1.48073 11.4238 -0.0881979 0.0716461 0.98358 0.140209
2020 0.0248039 1.47864 11.4212 -0.088334 0.0716357 0.983344 0.141773
2021 0.0273914 1.48713 11.4159 -0.0951144 0.067105 0.982888 0.142765
2022 0.0324994 1.48632 11.4179 -0.0948966 0.0671378 0.982775 0.143668
2023 0.00841413 1.50253 11.4104 -0.0836845 0.0618041 0.983435 0.148433
2026 -0.0537261 1.54033 11.4051 -0.100063 0.0569364 0.978983 0.168336
2027 -0.0865853 1.54157 11.4046 -0.0902793 0.0630688 0.978983 0.171651
2028 -0.112447 1.55749 11.4006 -0.0917328 0.0637689 0.978186 0.175131
2029 -0.135955 1.56467 11.3886 -0.0929188 0.0641007 0.977675 0.177225
2030 -0.144277 1.57632 11.3976 -0.0850478 0.0627331 0.977163 0.184348
2032 -0.151641 1.59789 11.3888 -0.104856 0.0601117 0.975082 0.18603
2033 -0.2152 1.6178 11.3789 -0.065047 0.0570839 0.977124 0.194265
2034 -0.213772 1.62372 11.3854 -0.0650387 0.0573191 0.977211 0.193761
2035 -0.183422 1.61824 11.3813 -0.0635154 0.0573009 0.977804 0.191262
2036 -0.193152 1.62391 11.378 -0.0638914 0.0574257 0.978017 0.190006
2037 -0.178338 1.61886 11.3764 -0.0630167 0.0572858 0.978534 0.187668
2038 -0.195941 1.62905 11.3731 -0.0638269 0.057556 0.978662 0.186642
2039 -0.2034 1.63668 11.3719 -0.0641941 0.0578163 0.97865 0.186497
2040 -0.185571 1.63021 11.34 -0.0848354 0.0652856 0.976971 0.184578
2041 -0.210444 1.6492 11.3373 -0.0859112 0.0658305 0.97718 0.182772
2042 -0.1628 1.65939 11.3565 -0.107739 0.0616102 0.976118 0.178298
2043 -0.136985 1.6605 11.3541 -0.106528 0.0618056 0.976377 0.177541
2045 -0.144512 1.68215 11.3524 -0.087037 0.0523596 0.97753 0.184709
2047 -0.147055 1.6871 11.3494 -0.0754354 0.0461044 0.97899 0.183744
2049 -0.189785 1.68433 11.3344 -0.0288848 0.0231578 0.98121 0.189357
2089 -0.124888 1.17645 11.2812 -0.0654972 0.0142533 0.991754 0.109229
2091 -0.0944361 1.13271 11.3326 -0.114105 0.0213947 0.987641 0.105298
2092 -0.0530913 1.21351 11.1715 -0.0899402 -0.00428026 0.990193 0.10682
2093 -0.135217 1.32353 11.1458 -0.0470007 -0.034849 0.9929 0.103563
2095 -0.0232652 1.11579 11.2397 -0.0861722 0.0223072 0.988853 0.119363
2098 -0.0830137 1.1443 11.1505 -0.0559515 0.0104905 0.988621 0.139242
2099 -0.098794 1.09588 11.1648 -0.0638882 0.0302132 0.989339 0.127336
2101 0.0130997 1.1177 11.1258 -0.0628073 0.0042743 0.990442 0.122724
2102 -0.0261357 1.10988 11.1677 -0.0384087 0.0146713 0.991637 0.122336
2104 -0.0377702 1.11337 11.1399 -0.0775229 0.0128522 0.989847 0.118438
2105 -0.0379203 1.11781 11.1457 -0.0772726 0.0128702 0.99015 0.116041
2106 -0.0577711 1.13123 11.1439 -0.0781913 0.0133446 0.990102 0.115783
2107 -0.112708 1.15451 11.076 -0.0851979 0.00765395 0.98692 0.136643
2108 -0.144332 1.18627 11.0551 -0.0713299 0.00251713 0.986636 0.146474
2109 -0.109903 1.18069 11.0605 -0.0900789 0.00338105 0.984972 0.147324
2110 -0.134328 1.16874 11.0558 -0.0827213 0.00703382 0.985308 0.149253
2111 -0.12493 1.16752 11.0604 -0.0822905 0.00703869 0.985296 0.149567
2113 -0.152684 1.26694 10.9654 -0.106709 -0.0250539 0.979312 0.170096
2114 -0.149053 1.2679 10.9654 -0.106554 -0.0249848 0.979333 0.170087
2115 -0.130104 1.26723 10.966 -0.105721 -0.0248662 0.979411 0.170172
2116 -0.130303 1.11942 11.0076 -0.0807886 0.0214348 0.98548 0.147791
2117 -0.138023 1.15224 11.0597 -0.0589832 0.0169494 0.987586 0.144596
2118 -0.15848 1.15071 11.0506 -0.046248 0.0166103 0.987846 0.14746
2119 -0.157325 1.14929 11.0507 -0.0461828 0.0165544 0.987859 0.147402
2120 -0.147001 1.13269 11.0147 -0.0622224 0.013914 0.987659 0.143056
2121 -0.144027 1.13161 11.0141 -0.0620709 0.0138772 0.987696 0.142866
2122 -0.142494 1.13083 11.0139 -0.0619801 0.0138475 0.987731 0.142668
2123 -0.142604 1.12963 11.0111 -0.0619951 0.0138031 0.98772 0.142739
2124 -0.142933 1.12835 11.0091 -0.0620072 0.0137447 0.987722 0.142731
2125 -0.142308 1.12641 11.0073 -0.061975 0.013655 0.987736 0.142654
2126 -0.141006 1.12617 11.0091 -0.0619318 0.0136201 0.987701 0.142917
2127 -0.137329 1.12853 11.0052 -0.0629299 0.0116975 0.987791 0.142029
2128 -0.13665 1.12792 11.0059 -0.062924 0.011682 0.987746 0.142342
2129 -0.127541 1.12632 11.0078 -0.062156 0.0113842 0.98833 0.138602
2130 -0.112039 1.12241 11.0082 -0.0614568 0.0113127 0.988358 0.138724
2131 -0.132116 1.14147 10.9893 -0.0516682 0.00191268 0.988583 0.14153
2132 -0.12295 1.11709 10.9953 -0.0555085 0.00812489 0.988693 0.139061
2133 -0.121551 1.1249 10.9891 -0.0549822 0.00408333 0.988589 0.140186
2134 -0.104503 1.10849 10.9848 -0.0609244 0.00584048 0.988964 0.134923
2135 -0.093586 1.10218 10.9783 -0.0560787 0.00384179 0.98965 0.132037
2136 -0.086651 1.09586 10.9723 -0.0556311 0.0035509 0.989864 0.130619
2137 -0.0798662 1.09936 10.9625 -0.0567484 0.00025103 0.990075 0.128572
2138 -0.080718 1.12466 10.947 -0.0584894 -0.0087303 0.989836 0.129338
2139 -0.0621219 1.12095 10.9512 -0.0768021 -0.00555728 0.988722 0.128452
2140 -0.0829914 1.10377 10.9483 -0.0738323 0.000466673 0.988926 0.128738
2141 -0.071028 1.09771 10.9546 -0.0811286 0.00167182 0.988156 0.130244
2142 -0.0827482 1.10074 10.9541 -0.0816082 0.00170792 0.988186 0.129711
2143 -0.104256 1.12698 10.9382 -0.0741332 -0.00376603 0.987886 0.136275
2144 -0.115124 1.14002 10.9351 -0.0922274 -0.0020219 0.986327 0.136564
2145 -0.119644 1.10785 10.9499 -0.0882407 0.00840816 0.9866 0.136982
2146 -0.144684 1.14614 10.9348 -0.0872766 -0.00215724 0.985494 0.14553
2147 -0.963771 1.55722 10.7957 -0.140188 -0.0239016 0.930837 0.336629
2148 -0.949567 1.54661 10.7864 -0.140032 -0.0240872 0.928821 0.342202
2149 -0.933591 1.53342 10.7896 -0.13916 -0.0243963 0.928868 0.342409
2153 -0.990378 1.5657 10.779 -0.123232 -0.0249136 0.927277 0.352633
2154 -0.986288 1.5723 10.7785 -0.123176 -0.0245681 0.927275 0.352682
2155 -0.976258 1.57582 10.7855 -0.12327 -0.024249 0.925789 0.356555
2156 -0.976232 1.58657 10.784 -0.123448 -0.0237933 0.925789 0.356524
2157 -0.961357 1.57994 10.8006 -0.12276 -0.0238497 0.925199 0.358286
2158 -0.961328 1.57985 10.8006 -0.122757 -0.0238532 0.925199 0.358287
2159 -0.987014 1.60092 10.8131 -0.124411 -0.0234663 0.924249 0.360186
2160 -0.987121 1.60294 10.8128 -0.124457 -0.0233832 0.924229 0.360229
2161 -0.981824 1.59936 10.8138 -0.124184 -0.0234483 0.924225 0.36033
2162 -0.979791 1.60343 10.8147 -0.124758 -0.0232764 0.922426 0.364724
2163 -0.990113 1.61995 10.8114 -0.126021 -0.022764 0.920684 0.368703
2164 -1.00001 1.62938 10.8092 -0.126601 -0.0225341 0.920624 0.368669
2165 -0.993257 1.62708 10.8005 -0.126995 -0.0224332 0.918392 0.374065
2166 -1.02604 1.64354 10.8045 -0.128515 -0.0223068 0.918722 0.372741
2167 -1.02519 1.63257 10.8062 -0.128291 -0.0227527 0.918721 0.372795
2168 -1.02463 1.63418 10.7867 -0.128932 -0.0227494 0.916949 0.376913
2169 -1.02368 1.62589 10.788 -0.128749 -0.0230812 0.916945 0.376966
2170 -1.03261 1.62545 10.7871 -0.129111 -0.0232529 0.916913 0.376909
2171 -1.03743 1.62934 10.7641 -0.129585 -0.0231988 0.917065 0.376378
2172 -1.0296 1.61639 10.7665 -0.129032 -0.0236082 0.9171 0.376459
2173 -1.04765 1.62414 10.7532 -0.129848 -0.0236138 0.917799 0.374468
2174 -1.06084 1.62563 10.745 -0.130286 -0.0237615 0.918845 0.371733
2175 -1.05154 1.61186 10.7479 -0.129652 -0.0241835 0.918905 0.371778
2176 -0.984668 1.60535 10.7436 -0.143705 -0.0302783 0.917514 0.369594
2177 -0.997333 1.60481 10.7425 -0.144213 -0.0305169 0.917479 0.369463
2178 -1.00466 1.60257 10.742 -0.144475 -0.0307362 0.917458 0.369395
2179 -1.01521 1.60743 10.7254 -0.145017 -0.0306966 0.917907 0.368068
2180 -1.02447 1.60975 10.7242 -0.145442 -0.0307558 0.917868 0.367993
2181 -1.02993 1.60961 10.7236 -0.145669 -0.030854 0.917838 0.36797
2182 -0.932223 1.53903 10.818 -0.140226 -0.0141892 0.913046 0.38273
2183 -0.923392 1.53339 10.8195 -0.139763 -0.0142699 0.913084 0.382806
2184 -0.877397 1.50096 10.8447 -0.136365 -0.0149503 0.915928 0.37717
2185 -0.884782 1.50821 10.8431 -0.136794 -0.0147749 0.915901 0.377086
2186 -0.881946 1.50579 10.8437 -0.136632 -0.0148278 0.915922 0.377093
2187 -0.87475 1.50046 10.845 -0.136242 -0.0149264 0.915955 0.377149
2188 -0.870299 1.49756 10.8458 -0.136009 -0.0149706 0.915973 0.377187
2189 -0.861064 1.48559 10.8481 -0.135423 -0.0153108 0.916003 0.377313
2190 -0.86181 1.48401 10.8482 -0.13543 -0.0153894 0.915987 0.377346
2191 -1.28407 1.23473 10.7012 -0.0636477 0.086346 0.919105 0.37913
2192 -1.29415 1.24159 10.6992 -0.0641961 0.0864622 0.919054 0.379133
2193 -0.919988 1.5513 10.8539 -0.121869 -0.0244067 0.917045 0.378922
2194 -0.918183 1.55021 10.8542 -0.121778 -0.0244215 0.917042 0.378957
2195 -0.91833 1.5504 10.8541 -0.121788 -0.024416 0.917041 0.378957
2196 -0.916 1.54762 10.8547 -0.121649 -0.0244924 0.917028 0.379026
2197 -0.924486 1.55538 10.8523 -0.122334 -0.0243341 0.916384 0.380372
2198 -0.924884 1.55573 10.8522 -0.122357 -0.0243264 0.916381 0.380373
2199 -0.920849 1.55357 10.8528 -0.122155 -0.024347 0.916389 0.380416
2200 -0.917852 1.55184 10.8533 -0.122002 -0.0243673 0.916398 0.380443
2201 -0.91601 1.55049 10.8536 -0.1219 -0.0243914 0.916414 0.380436
2202 -0.916321 1.55028 10.8493 -0.121461 -0.0243298 0.917996 0.376747
2203 -0.930966 1.56713 10.8457 -0.122353 -0.0238757 0.917965 0.376563
2206 -0.597109 0.898316 10.7727 -0.287641 0.154009 0.892108 0.312548
2208 -0.745943 1.61391 10.8961 -0.168187 -0.00452217 0.933999 0.315182
2212 -0.565069 1.68938 10.8652 -0.0853202 -0.0440002 0.94282 0.319179
2213 -0.594208 1.62214 10.8738 -0.0738414 -0.0258964 0.948791 0.306061
2214 -0.548516 1.61584 10.8873 -0.0780543 -0.0315172 0.949128 0.303432
2215 -0.577561 1.5873 10.8573 -0.0747832 -0.0236616 0.94949 0.303837
2216 -0.534407 1.6115 10.8714 -0.0939997 -0.0340244 0.948489 0.300624
2217 -0.509453 1.59567 10.8564 -0.10756 -0.031301 0.947069 0.300853
2218 -0.575516 1.60984 10.835 -0.0964747 -0.0313301 0.946935 0.305
2222 -0.512594 1.50673 10.7692 -0.235531 0.0291912 0.922144 0.305488
2228 -0.53909 1.77882 10.8279 -0.311554 -0.00260176 0.90053 0.303271
2231 -0.349021 1.88718 10.9032 -0.331712 -0.0218347 0.89882 0.28568
2234 -0.356065 1.89544 10.9596 -0.293265 -0.036459 0.92125 0.252912
2312 -0.329479 1.72223 11.6279 0.930585 0.158145 -0.329704 -0.0172462
2329 -1.29732 1.85391 11.7398 0.92862 0.199525 -0.311439 0.029334
2372 -3.4826 1.67504 11.3533 0.756512 0.124042 -0.640957 -0.038437
2373 -3.5147 1.72896 11.4094 0.768041 0.13169 -0.626247 -0.0241961
2375 -3.60396 1.73646 11.42 0.727017 0.131006 -0.67382 -0.0158194
2377 -3.64429 1.54765 11.5601 0.814694 0.0714015 -0.571327 -0.068998
2378 -3.65207 1.72067 11.3238 0.757454 0.104039 -0.644151 -0.0225563
2385 -3.63331 1.71653 11.1757 0.740533 0.123129 -0.659457 -0.0395819
2386 -3.63024 1.7477 11.3316 0.771121 0.139978 -0.620246 -0.0327732
2387 -3.60365 1.73549 11.2049 0.743652 0.13693 -0.653157 -0.0402269
2388 -3.6244 1.72023 11.1281 0.736245 0.136472 -0.661076 -0.047936
2389 -3.62841 1.73357 11.0557 0.723634 0.14273 -0.673417 -0.049915
2390 -3.63064 1.73639 11.0092 0.712666 0.150962 -0.682831 -0.0553167
2392 -3.44365 1.60614 11.0568 0.756365 0.127227 -0.637345 -0.0742725
2394 -3.61863 1.74477 10.9686 0.736906 0.168893 -0.651358 -0.0646326
2395 -3.62741 1.80018 10.7915 0.705086 0.173252 -0.684879 -0.06146
2396 -3.62636 1.75638 10.9315 0.743451 0.169488 -0.642807 -0.073171
2397 -3.52389 1.7095 10.9816 0.769219 0.154587 -0.612242 -0.0978005
2398 -3.5972 1.76229 11.0137 0.783868 0.171644 -0.590715 -0.084529
2399 -3.62368 1.75416 10.8295 0.744037 0.159864 -0.641676 -0.0954211
2401 -3.58227 1.73388 11.0141 0.783182 0.165643 -0.590189 -0.104232
2402 -3.66656 1.78684 10.875 0.745676 0.177519 -0.635665 -0.0915698
2403 -3.67354 1.78003 10.891 0.745619 0.177813 -0.635625 -0.0917365
2405 -3.6799 1.76053 10.9154 0.747549 0.171359 -0.635081 -0.0920798
2406 -3.66111 1.73826 10.8677 0.744378 0.155717 -0.642042 -0.0971366
2407 -3.62385 1.72894 10.8163 0.72809 0.145837 -0.662281 -0.100006
2409 -3.72365 1.77951 11.0114 0.762085 0.169285 -0.619029 -0.0858587
2410 -3.72184 1.77736 11.0125 0.762033 0.16932 -0.619068 -0.0859752
2411 -3.71826 1.7792 11.0015 0.76548 0.166269 -0.615712 -0.0854004
2412 -3.71719 1.77113 11.0203 0.769654 0.166783 -0.609927 -0.0883448
2413 -3.71917 1.7747 11.0243 0.769076 0.167886 -0.610624 -0.086463
2414 -3.71715 1.77539 11.0234 0.769089 0.167738 -0.610621 -0.0866481
2415 -3.71697 1.77735 11.0152 0.767498 0.16882 -0.612149 -0.0878665
2416 -3.71656 1.77615 11.0167 0.767461 0.168871 -0.612178 -0.0878905
2417 -3.71316 1.77626 11.0131 0.76739 0.168917 -0.612271 -0.0877724
2418 -3.70802 1.77599 10.9971 0.761954 0.17004 -0.618632 -0.0883561
2419 -3.68934 1.77304 11.0524 0.775558 0.171345 -0.600951 -0.0894855
2420 -3.70088 1.78359 10.9892 0.759782 0.173506 -0.62064 -0.0862133
2421 -3.69608 1.78104 10.9834 0.760045 0.172905 -0.620323 -0.0873783
2422 -3.69049 1.77765 10.9816 0.760041 0.172741 -0.620297 -0.0879229
2423 -3.71637 1.83785 11.1197 0.787974 0.199952 -0.578759 -0.0644613
2424 -3.68609 1.78336 10.9985 0.763843 0.177185 -0.61492 -0.0838007
2425 -3.68032 1.78177 10.9996 0.763393 0.177839 -0.615422 -0.0828259
2426 -3.65916 1.76714 11.0605 0.776718 0.174954 -0.599112 -0.0846465
2427 -3.67272 1.78033 11.0116 0.76385 0.178183 -0.615003 -0.0809658
2428 -3.66883 1.78663 11.0086 0.763883 0.17782 -0.615059 -0.0810231
2429 -3.66623 1.78518 11.0361 0.773322 0.177158 -0.603173 -0.0822783
2430 -3.66352 1.78956 11.0568 0.772977 0.177191 -0.603629 -0.0821127
2431 -3.65666 1.79145 11.0445 0.773486 0.17598 -0.603103 -0.0837667
2432 -3.66007 1.80121 11.0504 0.771039 0.181918 -0.604774 -0.0815714
2433 -3.66203 1.80412 11.0523 0.7662 0.183852 -0.610157 -0.0827351
2434 -3.66089 1.80667 11.0479 0.762642 0.184713 -0.614169 -0.083988
2437 -3.57775 1.78151 11.079 0.767192 0.18464 -0.605398 -0.104005
2440 -3.69663 1.95555 11.1566 0.808646 0.237405 -0.529553 -0.096462
2441 -3.72249 1.93871 11.1606 0.809252 0.237551 -0.528398 -0.097346
2442 -3.64077 1.90336 10.8252 0.741193 0.196822 -0.629823 -0.123356
2443 -3.62465 1.90178 11.0992 0.798196 0.214376 -0.550894 -0.115943
2444 -3.68654 1.93207 11.1012 0.79413 0.231049 -0.552252 -0.104838
2445 -3.65844 1.87497 10.9995 0.777363 0.205852 -0.58134 -0.124001
2446 -3.58303 1.82437 10.9957 0.782758 0.184153 -0.577215 -0.142131
2447 -3.58023 1.86771 10.8699 0.7575 0.18411 -0.610901 -0.13819
2448 -3.65215 1.90797 10.8645 0.754746 0.196565 -0.614127 -0.120698
2450 -3.52241 1.81551 11.0056 0.778634 0.173467 -0.58517 -0.145655
2451 -3.66571 1.88814 11.0044 0.770378 0.201496 -0.593042 -0.119238
2452 -3.65413 1.90959 10.8962 0.750986 0.192218 -0.6209 -0.116428
2453 -3.62989 1.87271 10.9674 0.756968 0.187985 -0.613405 -0.124079
2455 -3.60887 1.80959 10.9669 0.813055 0.147035 -0.544318 -0.145052
2456 -3.65304 1.85664 11.0364 0.823352 0.170336 -0.524075 -0.13573
2457 -3.68132 1.93744 11.1513 0.840023 0.203988 -0.488095 -0.120473
2458 -3.70217 1.92434 10.9529 0.805445 0.186809 -0.547058 -0.130718
2459 -3.70356 1.94125 11.0053 0.812807 0.193188 -0.534195 -0.129069
2504 -3.84997 1.49198 10.84 0.728613 0.117485 -0.66587 -0.109261
2506 -3.8023 1.44961 10.8018 0.725901 0.11022 -0.667642 -0.123182
2507 -3.825 1.44177 10.7941 0.726495 0.110773 -0.666945 -0.122959
2510 -3.81187 1.39476 10.7271 -0.692153 -0.109814 0.699252 0.14111
2511 -3.81035 1.47521 10.8051 0.716568 0.140864 -0.673655 -0.113472
2512 -3.84588 1.49873 10.8832 0.74181 0.156703 -0.644167 -0.101048
2516 -3.76454 1.3363 10.8585 0.744797 0.116574 -0.641531 -0.141865
2517 -3.80891 1.32439 10.8613 0.72059 0.121968 -0.66625 -0.148275
2519 -3.75218 1.30458 10.8278 0.756616 0.107628 -0.627615 -0.148486
2520 -3.74095 1.41906 10.9975 0.78804 0.154973 -0.585814 -0.108621
2521 -3.76615 1.32285 10.8601 0.775496 0.118785 -0.602472 -0.14671
2524 -3.71813 1.38642 10.8199 0.753054 0.146999 -0.626592 -0.136687
2525 -3.73575 1.57802 10.7893 0.735476 0.212152 -0.63731 -0.0888975
2526 -3.6817 1.70529 11.21 0.869434 0.173511 -0.445634 -0.124052
2531 -3.75867 1.78168 11.1452 -0.673235 -0.232507 0.698542 0.0687994
2533 -3.73821 1.79879 11.2343 -0.638719 -0.246085 0.727303 0.0501108
2534 -3.74962 1.74305 11.1292 -0.633282 -0.225418 0.736438 0.076156
2535 -3.73106 1.80583 11.1383 -0.633795 -0.241743 0.732295 0.0600692
2536 -3.74196 1.8088 11.1055 -0.634194 -0.242477 0.731436 0.0632871
2537 -3.73365 1.75635 11.0926 -0.651549 -0.231283 0.717641 0.083567
2544 -3.7153 1.87199 11.2652 0.87253 0.191391 -0.432139 -0.123761
2621 -4.20335 1.38688 9.55146 0.914943 0.221111 0.251965 0.224729
2629 -4.45333 0.637697 9.04065 0.859877 0.230103 0.441873 0.111411
2644 -4.49405 1.45119 8.04119 0.910131 0.143567 0.278108 0.271487
2668 -3.90611 1.9178 6.52951 0.885843 0.321622 0.295571 0.156459
2677 -3.53844 1.25081 6.57419 0.924908 0.305029 0.14183 0.177162
2688 -2.91361 1.25112 6.47821 0.925224 0.33595 0.140358 0.106758
2706 -3.13859 1.03226 6.45333 0.917722 0.364723 0.0454686 0.15065
2714 -2.99143 1.10592 6.4814 0.920359 0.345446 0.103108 0.151573
2715 -1.68922 1.19913 6.01345 0.944664 0.301876 -0.00815854 0.128116
2717 -2.06043 -1.24923 -3.05354 -0.559387 -0.0556213 0.784725 0.261151
2723 -1.97781 1.3309 6.10658 0.93828 0.318036 0.0169145 0.134901
2728 -1.95064 1.41591 6.10105 0.931703 0.333571 -0.00909086 0.143448
2729 -2.3777 1.39446 6.39509 0.927083 0.341494 0.0508127 0.146005
2734 -2.52122 -0.663003 -0.750967 0.425102 0.308802 0.786656 0.324195
2736 -1.53636 0.843579 5.90066 0.941383 0.326297 -0.00326741 0.085539
2738 -2.26745 1.35303 6.42347 0.920631 0.362347 0.0600441 0.132433
2739 -1.56616 0.840216 6.00568 0.943765 0.316657 -0.00559543 0.094898
2743 -2.38752 1.40143 6.40386 0.91938 0.36182 0.0581153 0.142998
2746 -2.36234 1.35343 6.3977 0.922196 0.357863 0.0483968 0.138371
2748 -2.1696 -1.05273 -3.16093 -0.567288 -0.0688821 0.764601 0.298035
2749 -2.1696 -1.05273 -3.16093 -0.567288 -0.0688821 0.764601 0.298035
2750 -2.1696 -1.05273 -3.16093 -0.567288 -0.0688821 0.764601 0.298035
2752 -2.73601 1.30401 6.6226 0.888195 0.418607 0.062147 0.178931
2753 -2.71612 1.3627 6.60028 0.885855 0.421674 0.0591554 0.18426
2757 -2.39676 1.62114 6.48905 0.902138 0.389176 0.037643 0.182406
2763 -1.8667 1.33912 6.1852 0.924294 0.355908 0.012806 0.137278
2768 -2.83043 1.32134 6.51979 0.892047 0.411448 0.0994162 0.158366
2770 -2.84533 1.31501 6.51743 0.891938 0.412386 0.0910688 0.161525
2772 -2.20958 1.56905 6.43876 0.911322 0.378155 0.0468105 0.155882
2775 -1.90773 -1.35249 -3.16629 -0.575238 -0.0867249 0.755163 0.302173
2776 -1.90773 -1.35249 -3.16629 -0.575238 -0.0867249 0.755163 0.302173
2779 -2.19965 1.51983 6.48911 0.910952 0.378726 0.0586648 0.152616
2781 -2.26241 1.57073 6.48128 0.910987 0.373694 0.0562202 0.165212
2782 -2.26298 1.47366 6.51968 0.911838 0.37459 0.0568523 0.15812
2784 -2.22197 1.51201 6.518 0.91355 0.368841 0.0543359 0.162572
2785 -2.76579 1.25309 6.6816 0.895858 0.403684 0.0920892 0.161238
2786 -2.99428 1.27918 6.5994 0.923025 0.353078 0.0860329 0.126331
2796 -2.19016 1.29707 6.1507 0.931395 0.337005 0.00355403 0.137542
2798 -2.63948 1.46294 6.3466 0.920869 0.353992 0.0456234 0.156872
2800 -3.21694 1.22843 6.38748 0.904871 0.384363 0.0826196 0.163239
2801 -3.81449 1.61237 6.34214 0.904544 0.368379 0.116708 0.180214
2803 -2.35452 1.31424 6.22894 0.927971 0.344143 0.0288118 0.140018
2806 -2.24254 -1.23013 -3.11491 -0.570955 -0.049296 0.764272 0.295751
2810 -2.48251 1.39365 6.3796 0.919591 0.360454 0.0691103 0.140171
2811 -2.8261 1.10841 6.60339 0.915726 0.373967 0.0950284 0.112087
2814 -2.26774 1.32952 6.22983 0.923532 0.355391 0.0361005 0.139577
2815 -2.40631 1.54256 6.34163 0.916278 0.365375 0.0450118 0.157831
2817 -2.32893 1.40515 6.43232 0.920808 0.355704 0.0584306 0.148906
2821 -3.06429 1.58463 6.50353 0.906281 0.37451 0.13242 0.144436
2823 -3.03208 1.19602 6.44483 0.900655 0.391282 0.118937 0.146879
2841 -2.00329 1.14744 5.94358 0.930481 0.3519 -0.0248967 0.0987477
2843 -2.02139 0.648865 5.9901 0.941359 0.331029 -0.00968008 0.0645726
2847 -1.82613 1.28491 6.3002 0.918508 0.387905 0.00199884 0.0766073
2865 -3.16678 1.23091 6.48286 0.899887 0.395705 0.121345 0.137467
2876 -2.18198 1.04018 5.96722 0.934485 0.33071 -0.0556415 0.119471
2877 -1.90016 0.958071 6.15838 0.943096 0.306291 -0.0649639 0.111961
2878 -1.94333 1.05635 6.28949 0.92565 0.363662 -0.0530373 0.0900528
2879 -1.91143 1.12141 5.85372 0.933933 0.329103 -0.0849778 0.110632
2895 -2.31523 1.36034 5.95712 0.927909 0.362348 -0.015854 0.0862386
2899 -2.44459 -1.17507 -2.97201 -0.51743 -0.00998744 0.783303 0.344386
2903 -2.19645 1.51725 5.83991 0.932594 0.350012 -0.00721886 0.0877929
2907 -3.01088 1.17268 6.24759 0.92265 0.375943 0.0568415 0.0644384
2910 -3.08312 1.36846 6.45038 0.904262 0.370692 0.179019 0.113354
2911 -3.10406 1.35515 6.45761 0.904984 0.369092 0.178324 0.113912
2912 -3.08469 1.4084 6.55475 0.916414 0.341995 0.180225 0.103648
2913 -3.25468 1.42683 6.58333 0.914271 0.339398 0.192746 0.108477
2923 -3.44698 1.26178 6.36656 0.903624 0.338053 0.19486 0.176673
2924 -3.7615 1.48264 6.07912 0.898488 0.320137 0.219194 0.205391
2925 -3.77044 1.71537 6.29403 0.908402 0.311762 0.199842 0.194098
3002 -4.12977 1.01056 2.90005 0.917766 0.211738 0.204354 0.266669
3003 -4.24113 0.963259 2.76018 0.915657 0.209384 0.220143 0.263187
3004 -4.14101 0.971385 2.568 0.918111 0.206894 0.203872 0.269635
3005 -4.15322 0.956918 2.54166 0.917158 0.206831 0.206549 0.270886
3006 -4.1089 1.04455 2.47324 0.913838 0.2092 0.197789 0.286383
3008 -4.07288 0.958581 2.33539 0.914159 0.213282 0.205559 0.276712
3009 -4.06977 0.996102 2.21632 0.911984 0.218303 0.200695 0.283462
3013 -4.27845 0.849497 1.98489 0.868686 0.238611 0.369112 0.228485
3014 -3.98333 0.795183 2.16421 0.897545 0.248565 0.308365 0.193754
3018 -3.79982 0.756723 2.04284 0.895391 0.286126 0.313017 0.135748
3019 -4.03123 0.909026 1.7723 0.868161 0.293875 0.353813 0.186415
3020 -4.00595 0.997874 1.87782 0.873853 0.292168 0.339229 0.189585
3026 -4.0437 0.58965 1.85233 0.933165 0.2469 0.204921 0.162019
3032 -3.91538 0.995121 1.21598 0.941999 0.260417 0.0912993 0.191013
3033 -3.69246 0.865894 1.22424 0.960351 0.240725 0.0443655 0.133449
3042 -3.70936 0.715425 1.01392 0.975352 0.185643 0.0522115 0.107238
3044 -3.66908 0.723815 1.00505 0.973159 0.194711 0.0444303 0.114343
3045 -3.65694 0.700801 1.0151 0.9737 0.194851 0.0482326 0.107769
3046 -3.65799 0.7151 1.01311 0.973184 0.193237 0.0458061 0.116078
3047 -3.65516 0.668314 1.13958 0.975526 0.192302 0.0569366 0.0901473
3048 -3.7371 0.681317 1.04869 0.969482 0.191565 0.110048 0.10629
3049 -3.71656 0.681165 1.07876 0.971756 0.189085 0.0915612 0.10749
3050 -3.72482 0.664687 1.09019 0.972058 0.187229 0.096541 0.103575
3051 -3.75327 0.679929 1.08349 0.970777 0.186682 0.101028 0.111961
3052 -3.77884 0.693127 1.07294 0.970009 0.187493 0.0989343 0.11892
3053 -3.75219 0.648914 1.08614 0.97314 0.181717 0.094557 0.105054
3054 -3.76381 0.636488 1.08642 0.973032 0.181303 0.099867 0.101809
3055 -3.76643 0.636925 1.0814 0.972995 0.17953 0.10299 0.102195
3056 -3.77537 0.6333 1.07909 0.973172 0.178548 0.103545 0.101661
3057 -3.81125 0.630583 1.04526 0.969263 0.178533 0.134551 0.102721
3058 -3.78753 0.629552 1.07756 0.972253 0.17633 0.117845 0.0987141
3059 -3.78733 0.63045 1.07765 0.97188 0.17666 0.120496 0.0985911
3060 -3.79944 0.630436 1.05704 0.972364 0.175832 0.113962 0.102971
3061 -3.78815 0.626711 1.07738 0.973221 0.178265 0.104374 0.100842
3062 -3.78953 0.629783 1.0722 0.973335 0.179264 0.0989379 0.103411
3064 -3.80205 0.621104 1.06965 0.97344 0.178198 0.103426 0.0998171
3065 -3.80909 0.618515 1.06789 0.973147 0.177113 0.110087 0.0974544
3066 -3.81874 0.619168 1.06104 0.973652 0.175977 0.108003 0.0967899
3067 -3.81779 0.620288 1.05597 0.973547 0.174893 0.11214 0.0950937
3068 -3.82327 0.619765 1.05125 0.973375 0.174588 0.114725 0.0943302
3069 -3.82155 0.62042 1.04852 0.973776 0.174518 0.111097 0.094667
3070 -3.82302 0.617356 1.05017 0.973723 0.174929 0.112155 0.0931942
3071 -3.81747 0.6229 1.0459 0.973203 0.175137 0.115392 0.0942784
3072 -3.8171 0.615814 1.04853 0.973848 0.177442 0.105241 0.0951817
3073 -3.81538 0.614956 1.05004 0.973592 0.1776 0.107052 0.0954818
3074 -3.8157 0.614206 1.05304 0.973988 0.178562 0.0994019 0.0978877
3075 -3.81652 0.612628 1.05642 0.973651 0.1793 0.100539 0.0987268
3076 -3.81315 0.613476 1.05964 0.97412 0.181277 0.0878051 0.102564
3077 -3.81735 0.612779 1.06849 0.973776 0.183722 0.0871485 0.102036
3078 -3.81465 0.613634 1.07373 0.973462 0.183394 0.0928134 0.100621
3079 -3.81382 0.61875 1.07785 0.973067 0.185814 0.0898673 0.102655
3080 -3.80818 0.626516 1.1284 0.965877 0.211891 0.105695 0.104938
3081 -3.80924 0.630129 1.12432 0.965822 0.210843 0.106329 0.106895
3082 -3.81397 0.62975 1.12177 0.966147 0.209184 0.105023 0.108497
3083 -3.82207 0.623889 1.12313 0.966528 0.20771 0.105012 0.107948
3084 -3.82641 0.62397 1.12229 0.966757 0.206127 0.105435 0.108521
3085 -3.84492 0.628887 1.11411 0.966469 0.203907 0.108417 0.112273
3086 -3.86192 0.457616 1.31448 0.971535 0.207406 0.10366 0.048556
3087 -3.76449 0.334651 1.3541 0.975638 0.204521 0.0784409 0.0121865
3088 -3.84825 0.61356 1.11522 0.96903 0.200099 0.0924431 0.111337
3089 -3.85798 0.60756 1.11615 0.969218 0.199304 0.0937093 0.110057
3090 -3.86181 0.603557 1.11659 0.969403 0.198193 0.0954962 0.108895
3091 -3.8635 0.603227 1.11418 0.969668 0.196912 0.0948182 0.109453
3092 -3.87273 0.598897 1.11317 0.970103 0.194905 0.093812 0.11005
3093 -3.87677 0.592985 1.10995 0.970953 0.192525 0.0884437 0.111181
3094 -3.88216 0.590461 1.1116 0.971331 0.190839 0.0885555 0.110701
3095 -3.76639 0.550034 1.23161 0.977358 0.187649 0.0478699 0.0852521
3096 -3.88784 0.58951 1.11189 0.971883 0.190631 0.0790198 0.1134
3097 -3.88546 0.596776 1.11323 0.971684 0.190128 0.0817937 0.113984
3098 -3.89254 0.592529 1.11958 0.972246 0.188357 0.0822542 0.11177
3099 -3.89177 0.597596 1.11948 0.972032 0.187578 0.0836567 0.113883
3100 -3.89318 0.593634 1.12504 0.971961 0.188378 0.0829807 0.113664
3101 -3.89032 0.598363 1.12575 0.971554 0.189405 0.0819384 0.116164
3102 -3.89048 0.595101 1.13243 0.97156 0.189776 0.0811862 0.116041
3103 -3.88621 0.600967 1.13502 0.971534 0.188822 0.0831358 0.116432
3104 -3.88628 0.606487 1.13835 0.971369 0.189118 0.0817852 0.118268
3105 -3.8861 0.603519 1.14353 0.971366 0.189503 0.0812521 0.118049
3106 -3.88212 0.608226 1.14528 0.971254 0.189713 0.0776501 0.121013
3107 -3.88028 0.612799 1.14588 0.971245 0.189281 0.0756452 0.123017
3108 -3.87839 0.616603 1.14903 0.971595 0.188379 0.069603 0.12519
3109 -3.88138 0.620945 1.15152 0.971345 0.1887 0.0660969 0.1285
3110 -3.88597 0.617652 1.15594 0.971309 0.189046 0.0655975 0.128523
3111 -3.88629 0.616382 1.15889 0.971391 0.188303 0.0647713 0.129403
3112 -3.88871 0.624709 1.15883 0.970817 0.188357 0.0642052 0.133844
3113 -3.90237 0.623219 1.15521 0.970849 0.18673 0.0619948 0.136894
3114 -3.90371 0.613577 1.16562 0.971704 0.185486 0.0547645 0.135599
3115 -3.90806 0.612847 1.16533 0.972052 0.183726 0.0529019 0.136237
3116 -3.91402 0.610527 1.16851 0.972583 0.181373 0.0529919 0.135563
3117 -3.92548 0.610085 1.17205 0.972638 0.179449 0.0586872 0.135383
3118 -3.9322 0.606922 1.17086 0.973091 0.177394 0.0577872 0.135222
3119 -3.93821 0.609969 1.1704 0.973159 0.17598 0.0581906 0.136406
3120 -3.94657 0.607698 1.16937 0.973186 0.176059 0.0583018 0.136064
3121 -3.95364 0.609091 1.16582 0.973358 0.17404 0.0600206 0.136678
3122 -3.67158 0.746473 1.1431 0.954459 0.26048 0.0900254 0.114248
3123 -3.65601 0.758005 1.1442 0.953392 0.264092 0.0885805 0.115986
3124 -3.64695 0.762616 1.14467 0.951985 0.267232 0.094015 0.116076
3125 -3.6392 0.760951 1.1457 0.952133 0.268925 0.0861874 0.117021
3126 -3.63351 0.764008 1.14504 0.9515 0.2705 0.0878187 0.117328
3127 -3.62784 0.766326 1.13949 0.952189 0.270892 0.0712472 0.121973
3128 -3.63776 0.763429 1.13911 0.952411 0.269894 0.070795 0.122715
3131 -3.61282 0.638469 1.42124 0.961635 0.267423 0.0166416 0.0588709
3133 -3.7823 0.932375 1.01856 0.948051 0.261755 0.115268 0.139276
3144 -4.12924 0.537318 0.755728 0.904083 0.145679 -0.380757 0.128198
3157 -4.22065 0.581066 0.757033 0.983105 0.161985 0.0321543 0.0789361
3158 -4.22737 0.586081 0.748169 0.983223 0.160408 0.0319 0.0807734
3159 -4.22039 0.577882 0.743981 0.984149 0.158453 0.0163711 0.0779491
