1 2.06085 -1.06611 1.53608 0.138882 0.740815 -0.00498133 0.657176
5 1.89019 -0.869361 1.99141 0.156173 0.761503 -0.00968752 0.628991
49 2.40199 -1.35972 1.84851 0.149551 0.791105 0.0153738 0.592917
50 2.40474 -1.36251 1.84283 0.150002 0.791612 0.0153612 0.592127
57 2.60434 -1.36145 1.59169 0.153904 0.7738 0.0141709 0.614285
60 2.81 -1.21444 1.01974 0.155433 0.745069 -0.000341237 0.648624
75 2.86254 -1.26744 1.34683 0.142198 0.754507 0.0073478 0.64066
84 2.91354 -1.494 1.49199 0.124985 0.767707 0.018148 0.628232
85 2.91377 -1.4955 1.49013 0.125214 0.767833 0.0181211 0.628033
94 2.94454 -1.62122 1.45279 0.117299 0.774888 0.0346916 0.62015
100 3.09998 -1.40729 1.43957 0.134472 0.782997 0.0274737 0.606694
103 3.13879 -1.50097 1.35703 0.127472 0.771272 0.0268062 0.623034
107 3.34213 -1.23881 0.95087 0.142257 0.744714 0.00769591 0.652001
108 3.34098 -1.23426 0.961144 0.141519 0.743954 0.00780792 0.653027
114 3.26748 -1.57736 0.651993 0.113899 0.695134 0.0340584 0.708982
115 3.28222 -1.5722 0.63263 0.112772 0.690654 0.0305153 0.713686
117 3.35752 -1.68915 1.36465 0.110595 0.760237 0.0295182 0.639482
121 3.3482 -1.72662 1.44515 0.108799 0.773662 0.0313064 0.623402
123 3.37179 -1.69727 1.41298 0.113202 0.77209 0.027164 0.624759
126 3.5537 -1.34164 0.945932 0.140628 0.73578 -0.00815291 0.662408
152 3.65086 -1.61755 1.28129 0.122737 0.757976 0.0201696 0.640313
154 3.63078 -1.67542 0.753155 0.106885 0.71404 0.0293373 0.691275
157 3.90942 -1.50724 0.883652 0.127532 0.720715 0.0117233 0.681299
159 3.69858 -1.66966 0.707748 0.105337 0.693828 0.0280118 0.711844
160 3.69909 -1.66935 0.705914 0.105345 0.693988 0.0280621 0.711685
162 3.7453 -1.69736 0.761475 0.104828 0.712057 0.0352969 0.693354
163 3.75916 -1.69228 0.746508 0.103321 0.70972 0.0327575 0.696096
164 3.78319 -1.70376 0.735334 0.102649 0.711136 0.0351794 0.694631
165 3.7931 -1.7144 0.739759 0.103504 0.712109 0.0380944 0.693351
167 3.82051 -1.71425 0.731658 0.101666 0.70961 0.0321808 0.696479
168 3.82051 -1.71425 0.731658 0.101666 0.70961 0.0321808 0.696479
174 3.9198 -1.76495 0.702627 0.101084 0.680793 0.0316658 0.724776
176 3.93934 -1.78245 0.709817 0.100495 0.689051 0.0378855 0.71671
177 3.9456 -1.77752 0.70309 0.102624 0.686703 0.0358144 0.718766
182 4.04935 -1.82782 1.22073 0.105501 0.750705 0.0466853 0.650485
184 4.11346 -2.03342 1.26076 0.0904734 0.751875 0.0604144 0.650268
193 4.30845 -1.7258 0.91272 0.115273 0.735111 0.0344435 0.667186
195 4.34305 -1.75471 0.921787 0.112233 0.735242 0.0342982 0.667568
202 4.4767 -1.67473 0.873725 0.121752 0.729829 0.019239 0.672425
203 4.4753 -1.67682 0.877118 0.121864 0.729575 0.0190554 0.672686
209 4.58022 -1.61723 0.503493 0.122757 0.702887 0.00350236 0.70062
213 4.61267 -1.83341 0.553405 0.104582 0.711111 0.0227898 0.694884
215 4.64323 -1.78476 0.737167 0.114737 0.730398 0.01978 0.673026
220 4.69598 -1.92699 0.720511 0.102236 0.733392 0.0368296 0.671065
222 4.73144 -1.87171 0.741291 0.10976 0.732511 0.028598 0.67124
227 5.44395 -0.878763 1.67084 0.272285 0.78725 -0.0946677 0.545102
228 5.3947 -0.651167 1.28216 0.270293 0.744878 -0.128942 0.596215
234 4.9155 -1.88671 0.651772 0.124987 0.715577 0.0189658 0.686999
241 5.01462 -1.88556 0.64426 0.130136 0.705274 0.0110972 0.6968
247 5.07447 -2.54524 0.14603 0.0362781 0.656475 0.0892811 0.748167
248 5.07263 -2.54921 0.144741 0.0365838 0.656523 0.0890394 0.748138
251 5.1427 -1.97901 0.836446 0.130189 0.728531 0.0174922 0.6723
259 5.26558 -2.52424 0.134794 0.0538951 0.637453 0.0803808 0.764388
263 5.3239 -2.08024 0.652507 0.134998 0.699741 0.0171888 0.701315
264 5.33738 -2.05308 0.807288 0.142133 0.716465 0.0101464 0.682915
265 5.28423 -2.04029 0.796838 0.140813 0.716506 0.00883704 0.683163
275 5.48478 -2.04556 0.713401 0.150453 0.730285 0.0021969 0.666365
278 5.51521 -2.13497 0.769525 0.138535 0.730691 0.00611919 0.668477
280 5.56443 -2.13625 0.73703 0.137718 0.724491 -0.000635281 0.675386
283 5.58701 -2.142 0.755208 0.137888 0.731445 -0.00279976 0.667808
285 5.62681 -2.13741 0.739672 0.139353 0.730354 -0.00644493 0.668672
286 5.62775 -2.13885 0.72952 0.139577 0.730875 -0.00643619 0.668056
287 5.62686 -2.14211 0.72802 0.139821 0.730909 -0.00657932 0.667966
288 5.68329 -2.1347 0.732398 0.143377 0.727169 -0.0124465 0.671203
289 5.68074 -2.14169 0.732026 0.143878 0.72708 -0.0127573 0.671186
290 5.68009 -2.1466 0.723842 0.144317 0.727441 -0.0129248 0.670698
291 5.71265 -2.10821 0.673505 0.150548 0.719401 -0.0219915 0.677727
292 5.72476 -2.12347 0.672354 0.149612 0.717439 -0.0216424 0.680021
296 5.76157 -2.19609 0.731643 0.145357 0.708003 -0.0194441 0.690814
298 5.81692 -2.22448 0.622899 0.141901 0.699077 -0.0135968 0.700693
299 5.818 -2.22487 0.611844 0.142081 0.699661 -0.0135272 0.700074
303 5.87457 -2.23729 0.568391 0.143879 0.702306 -0.0124604 0.697072
304 5.87658 -2.23146 0.691704 0.147999 0.71861 -0.0170663 0.679268
305 5.87591 -2.23543 0.685515 0.148355 0.718866 -0.0171826 0.678917
306 5.87846 -2.23451 0.665412 0.148532 0.719918 -0.0170141 0.677766
308 5.93579 -2.23222 0.597019 0.154152 0.714762 -0.0155718 0.68199
309 5.93485 -2.236 0.593551 0.154434 0.714886 -0.0157365 0.681792
310 5.94073 -2.10711 0.773399 0.18203 0.740878 -0.0415763 0.645164
312 5.98377 -2.2757 0.601552 0.151638 0.726634 -0.0100503 0.670006
313 5.97675 -2.23595 0.647905 0.159177 0.733449 -0.0190929 0.660568
314 6.00784 -2.16823 0.625429 0.172136 0.727273 -0.0317968 0.663651
315 5.99995 -2.23837 0.650368 0.159584 0.734765 -0.0204237 0.658966
316 6.01133 -2.24179 0.650202 0.159179 0.734998 -0.0211986 0.65878
321 6.09946 -2.29193 0.582072 0.152287 0.731158 -0.018485 0.664737
322 6.11089 -2.29514 0.575576 0.150965 0.732027 -0.0199917 0.664039
323 6.15988 -2.31043 1.04295 0.159731 0.814568 -0.0238759 0.557131
325 6.14955 -2.29211 0.569621 0.154227 0.738987 -0.0225799 0.65544
326 6.16524 -2.30054 0.570227 0.154068 0.738997 -0.023194 0.655445
327 6.1762 -2.30783 0.571851 0.1533 0.739098 -0.0245886 0.65546
330 6.21431 -2.31406 0.569162 0.156081 0.744694 -0.0282184 0.648285
331 6.22355 -2.3188 0.562982 0.156782 0.744787 -0.0274957 0.648039
333 6.25078 -2.3276 0.521366 0.155144 0.732768 -0.0298318 0.661885
336 6.29055 -2.35962 0.533592 0.14942 0.724949 -0.0308621 0.671692
339 6.31035 -2.35926 0.743983 0.159542 0.769354 -0.0320048 0.617751
342 6.35781 -2.36269 0.539531 0.153111 0.73195 -0.0296919 0.663268
344 6.38049 -2.37326 0.504532 0.152014 0.724557 -0.0277153 0.67167
345 6.39045 -2.37806 0.508645 0.151851 0.724455 -0.0280746 0.671802
352 6.44593 -2.30634 0.719012 0.173962 0.763361 -0.0568729 0.619502
353 6.4771 -2.42495 0.514214 0.144151 0.727234 -0.0220394 0.67072
357 6.49878 -2.36073 0.625804 0.160583 0.733576 -0.0509774 0.658393
376 6.71895 -2.5197 0.53934 0.113979 0.60052 -0.0736682 0.788008
377 6.71899 -2.51964 0.539166 0.113981 0.60053 -0.073661 0.788002
380 6.74417 -2.54277 0.534966 0.108472 0.589417 -0.0669602 0.797708
381 6.74445 -2.54239 0.533199 0.108474 0.589515 -0.0669284 0.797638
384 6.76903 -2.54583 0.520044 0.107986 0.594019 -0.0614132 0.794801
385 6.76984 -2.54394 0.518989 0.107883 0.5941 -0.0613285 0.794761
388 6.80153 -2.54994 0.50915 0.102734 0.593278 -0.0590552 0.796228
389 6.80342 -2.54407 0.512026 0.102399 0.593183 -0.0587841 0.796362
390 6.80419 -2.53875 0.523621 0.101973 0.592623 -0.058623 0.796845
391 6.81456 -2.52592 0.403124 0.101355 0.572103 -0.0726518 0.810646
432 6.24215 -2.56184 1.10892 0.0838754 0.29524 -0.00409589 0.951725
435 6.24719 -2.85984 0.962162 0.0519179 0.278118 0.017609 0.958981
436 7.04857 -2.67248 0.64451 0.0650722 0.147228 -0.0454445 0.985913
468 7.09218 -1.592 0.87694 0.0881042 0.0594214 0.00521622 0.994324
469 6.45769 -2.85827 1.20867 -0.051352 0.13543 0.0599299 0.987639
472 6.28089 -2.91025 1.09754 -0.0485286 0.135673 0.0427385 0.988641
473 6.49051 -3.10641 1.21065 -0.0741907 0.123934 0.05274 0.988107
476 6.33159 -2.96265 1.29438 -0.0722797 0.152187 0.0513918 0.984365
479 6.42725 -2.88381 1.2167 -0.0726263 0.128231 0.0525096 0.987687
483 -0.176051 -1.05955 3.02654 0.104574 0.662893 -0.0057646 0.741353
485 6.23567 -2.9907 1.22547 -0.100026 0.143954 0.0665451 0.982265
486 6.35536 -3.05629 1.404 -0.110757 0.142484 0.0578997 0.981875
488 6.48797 -2.95051 1.20575 -0.103515 0.125577 0.0548478 0.985143
490 6.5658 -3.13673 1.35582 -0.127512 0.118188 0.0611566 0.982869
493 6.54326 -3.11948 1.37314 -0.12949 0.123653 0.0559983 0.982246
494 6.50792 -2.83307 1.46867 -0.112391 0.121707 0.0666022 0.983931
496 6.56942 -3.0966 1.33053 -0.126665 0.114449 0.0479712 0.984152
497 6.59165 -2.80177 1.44471 -0.106687 0.111347 0.0636838 0.985984
498 6.37106 -2.85051 1.29578 -0.0974867 0.129835 0.0431899 0.985786
499 6.5822 -3.11407 1.44257 -0.128138 0.115271 0.053008 0.983607
504 6.59142 -3.11985 1.49878 -0.129147 0.107527 0.0579402 0.984074
505 6.59797 -3.11148 1.48798 -0.12936 0.10836 0.0586057 0.983915
506 6.70101 -2.96119 1.6948 -0.129556 0.0955259 0.0730066 0.984256
513 6.43729 -2.90585 1.46678 -0.119708 0.130875 0.0631099 0.98212
514 6.43674 -2.89518 1.4782 -0.119168 0.129417 0.0639881 0.982322
518 6.65234 -3.23878 1.70945 -0.167727 0.118173 0.0797706 0.975469
522 6.56557 -2.82743 1.68195 -0.11951 0.139256 0.0638412 0.980943
529 6.52058 -2.84464 1.64147 -0.124481 0.152691 0.0571933 0.978733
540 6.60087 -2.81697 1.95195 -0.123053 0.133063 0.0578507 0.981736
544 6.86618 -3.02938 1.903 -0.152278 0.113168 0.0673957 0.979521
551 6.89834 -3.09933 2.01362 -0.164679 0.130543 0.0691301 0.975223
553 6.65964 -2.72658 2.0968 -0.11754 0.158423 0.0590921 0.978568
557 6.93404 -3.03491 2.08624 -0.157782 0.133948 0.0694195 0.975881
560 6.94907 -2.71424 2.01012 -0.116724 0.136339 0.0570185 0.982108
561 6.95045 -2.71284 2.00754 -0.11675 0.136522 0.0571294 0.982073
562 6.95277 -2.70946 2.00515 -0.116854 0.136713 0.0573562 0.982021
569 6.93432 -2.86601 2.24101 -0.147593 0.158415 0.0729647 0.973549
573 6.86068 -2.65483 2.32019 -0.116816 0.178038 0.0523254 0.975663
574 6.85663 -2.6586 2.32659 -0.116652 0.177528 0.0520727 0.975789
575 6.85664 -2.66144 2.32382 -0.116485 0.177688 0.0519614 0.975786
577 6.79472 -2.6612 2.43486 -0.115765 0.18898 0.050942 0.973802
578 6.79205 -2.66609 2.43718 -0.115586 0.188794 0.050645 0.973875
584 7.01522 -2.93298 2.50189 -0.156632 0.133991 0.0641833 0.976419
585 7.02364 -2.9327 2.4824 -0.156263 0.135224 0.0645794 0.976282
586 7.19284 -2.51017 2.24333 -0.101314 0.0930547 0.0136244 0.990399
587 7.33569 -2.34857 2.28968 -0.0730483 0.0811847 0.0377586 0.993301
588 7.06784 -2.89599 2.57473 -0.157982 0.130667 0.0690271 0.976321
589 6.99268 -2.6772 2.55471 -0.121698 0.145049 0.0533143 0.980463
590 6.99105 -2.67704 2.55925 -0.121744 0.144747 0.053273 0.980504
591 6.98691 -2.67816 2.56929 -0.121765 0.144058 0.0531123 0.980612
592 7.06343 -2.87514 2.61794 -0.154331 0.13214 0.0726747 0.976442
593 7.07527 -2.85704 2.6259 -0.151871 0.130298 0.0756503 0.976849
594 7.07921 -2.87456 2.6402 -0.152403 0.131027 0.0744672 0.97676
595 7.15786 -2.92435 2.66712 -0.157186 0.124474 0.0715855 0.977074
596 7.16035 -2.92998 2.65509 -0.156759 0.125168 0.0714914 0.977061
597 7.05137 -2.70417 2.67255 -0.120703 0.143782 0.0639844 0.980134
598 7.04984 -2.71071 2.67038 -0.120363 0.143849 0.0636943 0.980185
605 7.11492 -2.6588 2.77072 -0.113934 0.135411 0.0599073 0.982392
612 7.08719 -2.57764 2.88982 -0.105064 0.130012 0.0543516 0.984431
617 7.05026 -2.59074 3.02284 -0.110566 0.159761 0.0536553 0.979476
618 7.04964 -2.59558 3.02051 -0.110336 0.159877 0.0534442 0.979494
620 7.20728 -2.83108 3.0414 -0.150918 0.140104 0.0635594 0.976501
621 7.1382 -2.59194 3.03076 -0.107219 0.150231 0.0546729 0.981298
622 7.13374 -2.59636 3.03752 -0.107145 0.149778 0.0543549 0.981393
627 7.13841 -2.59695 3.14862 -0.106905 0.145472 0.0527386 0.982155
628 7.14185 -2.59652 3.14167 -0.106835 0.145923 0.0528517 0.982089
629 7.16525 -2.59715 3.17076 -0.108376 0.145834 0.0522593 0.981965
630 6.95357 -2.93667 3.16673 -0.162553 0.172891 0.0599304 0.969584
632 7.16941 -2.60702 3.2278 -0.109744 0.146856 0.0535859 0.98159
633 7.54966 -3.12751 3.02725 -0.19595 0.0658564 0.0770494 0.975361
634 7.75557 -3.31405 3.22404 -0.24155 0.0452983 0.0979495 0.964369
635 7.69438 -3.00579 3.13302 -0.182084 0.04981 0.0866799 0.978188
636 7.08097 -2.84338 3.07379 -0.136069 0.146165 0.0656343 0.977657
637 7.08097 -2.84338 3.07379 -0.136069 0.146165 0.0656343 0.977657
638 7.20481 -2.58192 3.31179 -0.0977682 0.145245 0.0605482 0.98269
639 7.20358 -2.58684 3.31099 -0.0975485 0.145251 0.0603293 0.982724
640 7.23298 -2.58289 3.33253 -0.0965769 0.144501 0.0618768 0.982834
641 7.2359 -2.58603 3.32426 -0.0963147 0.144984 0.0618477 0.982791
642 7.02022 -2.92021 3.33795 -0.149535 0.180575 0.0752399 0.969211
643 7.23665 -2.61422 3.40534 -0.100987 0.151744 0.0666258 0.980987
645 7.24005 -2.60591 3.43354 -0.0998979 0.15768 0.0639433 0.980341
646 7.24218 -2.60802 3.42781 -0.0997184 0.158013 0.0639318 0.980306
647 7.37359 -2.56421 3.37536 -0.0922695 0.129386 0.0628511 0.98529
648 7.39886 -2.64574 3.41595 -0.11049 0.129155 0.0683733 0.983075
649 7.4489 -2.63691 3.30816 -0.106524 0.111202 0.0635244 0.986028
650 7.25982 -2.56653 3.50397 -0.0989183 0.167357 0.0597756 0.979098
653 7.2224 -2.47737 3.44186 -0.076375 0.147728 0.0535406 0.98462
654 7.64178 -2.58511 3.24272 -0.10126 0.0493068 0.0604838 0.991795
655 7.79586 -3.08376 3.48498 -0.211632 0.0408306 0.096929 0.971674
656 7.15186 -2.73353 3.42497 -0.118555 0.153451 0.0704595 0.978485
657 7.15186 -2.73353 3.42497 -0.118555 0.153451 0.0704595 0.978485
658 7.00546 -2.61149 3.71089 -0.107309 0.208577 0.0504873 0.970789
659 7.08161 -2.50595 3.76177 -0.0859649 0.206225 0.0471459 0.97358
660 7.3299 -2.54928 3.65201 -0.0957398 0.15083 0.0540263 0.982428
661 7.62149 -1.63657 3.43026 0.104865 0.0669589 -0.00876874 0.992191
662 7.62256 -1.64623 3.42423 0.105472 0.067205 -0.00910875 0.992107
663 7.61589 -1.64738 3.43856 0.105345 0.0662983 -0.00916192 0.992181
664 7.61588 -1.66484 3.4321 0.106383 0.0664693 -0.00977943 0.992053
665 7.61539 -1.66871 3.43183 0.106625 0.0664316 -0.00990118 0.992028
666 7.31717 -2.6112 3.7072 -0.102428 0.151598 0.0500918 0.981844
667 7.62861 -2.82308 3.46452 -0.136622 0.0572512 0.0694372 0.986527
668 7.30546 -2.73275 3.76478 -0.127957 0.147344 0.0555308 0.9792
669 7.35744 -2.52906 3.79395 -0.0813105 0.139014 0.0499556 0.985682
670 7.78508 -2.53283 3.40716 -0.0718334 0.00681905 0.0564344 0.995795
671 7.78621 -2.53185 3.40554 -0.0718429 0.00692702 0.0564982 0.99579
672 7.78111 -2.53189 3.42735 -0.0713237 0.0054519 0.0566921 0.995826
673 7.81603 -2.5126 3.49234 -0.0711262 0.00314005 0.0579861 0.995776
674 7.29319 -2.58797 3.7126 -0.0875925 0.141313 0.0554809 0.98452
675 7.3191 -2.57386 3.70947 -0.0833872 0.140035 0.0599988 0.984803
676 7.46094 -2.57503 3.8375 -0.0964521 0.128101 0.0613831 0.985149
677 7.38044 -2.59466 3.86742 -0.100749 0.145819 0.0601802 0.982326
678 7.42941 -2.59937 3.87846 -0.102517 0.137706 0.0641427 0.983063
679 7.3244 -2.74955 3.95676 -0.140216 0.166326 0.0634983 0.973983
680 7.30179 -2.66398 3.93862 -0.116733 0.16476 0.0581078 0.977676
681 7.46352 -2.52803 3.90231 -0.0817861 0.123028 0.061468 0.987115
682 7.29775 -2.59829 3.89497 -0.0927168 0.157446 0.0608136 0.981283
683 7.4088 -2.40657 3.84268 -0.046191 0.130578 0.0494246 0.989127
684 7.50121 -2.62529 3.98275 -0.110182 0.132129 0.0723189 0.982432
685 7.50975 -2.6226 3.99752 -0.109782 0.131474 0.0729909 0.982515
686 7.47383 -2.65025 4.02081 -0.116902 0.142558 0.0709883 0.980292
687 7.47622 -2.65191 4.01524 -0.116756 0.142874 0.0709985 0.980262
688 7.42053 -2.66337 4.04952 -0.120737 0.165448 0.0689507 0.976368
689 7.40911 -2.54694 4.0286 -0.0895802 0.164563 0.0619276 0.980336
690 7.41714 -2.63793 4.08785 -0.118856 0.168664 0.06432 0.976365
691 7.51475 -2.6318 4.09699 -0.122321 0.149807 0.0705938 0.978576
692 7.42473 -2.52122 4.07778 -0.0898106 0.167714 0.0587637 0.979976
693 7.39875 -2.54462 4.086 -0.0943699 0.169995 0.0587174 0.979157
694 7.39452 -2.61433 4.1416 -0.118803 0.16925 0.0590752 0.976601
695 7.5209 -2.53887 4.12588 -0.0986681 0.134554 0.0636302 0.983926
696 7.48428 -2.53995 4.14633 -0.0997447 0.145959 0.059879 0.982426
697 7.42651 -2.59507 4.18485 -0.116506 0.163938 0.0576225 0.97787
698 7.44169 -2.54033 4.18106 -0.0996619 0.154869 0.0526739 0.981483
699 7.47032 -2.51107 4.1782 -0.0884762 0.145171 0.0546392 0.983927
700 7.45979 -2.48792 4.18541 -0.0808594 0.144242 0.0497551 0.984977
701 7.60112 -2.48899 4.20529 -0.0842762 0.111768 0.0571801 0.988502
702 7.52128 -2.49225 4.21203 -0.0824579 0.135124 0.0496176 0.986144
703 7.48132 -2.48746 4.2281 -0.0812341 0.147234 0.0440965 0.984773
704 7.4581 -2.49484 4.20746 -0.0786355 0.146597 0.0451119 0.985033
705 7.44316 -2.43529 4.26627 -0.0603657 0.155175 0.0415556 0.985165
707 7.60832 -2.50906 4.12221 -0.0729875 0.0679419 0.0512639 0.993694
708 7.58067 -2.43866 4.30772 -0.064471 0.102499 0.0414348 0.991776
710 7.53997 -2.44255 4.30043 -0.0629599 0.124473 0.0376623 0.989507
711 7.5392 -2.4515 4.29655 -0.0626463 0.124657 0.0372669 0.989519
