16 3.9522 -0.940206 11.3114 0.187967 0.757483 -0.0295776 0.62451
17 -3.42899 1.11021 7.80362 0.181944 0.488201 -0.0204096 0.853311
19 1.61726 -1.44737 2.22946 0.0429092 0.158647 0.0609732 0.984516
20 1.63806 -1.4532 2.20931 0.044551 0.163083 0.0611202 0.983709
21 1.63883 -1.45346 2.20852 0.0446214 0.16325 0.0611211 0.983678
23 1.70967 -0.334462 1.72033 0.0917471 0.712233 0.0187477 0.695669
27 2.27245 -1.3664 6.05392 0.0836823 0.91547 0.101603 0.380248
30 1.07915 0.624884 11.9163 0.118955 0.688295 -0.039848 0.714501
32 1.96327 0.0807679 1.4124 0.0877686 0.717622 0.02139 0.690549
34 3.88424 0.0985462 10.0111 0.160626 0.749327 -0.0427648 0.640999
35 1.62457 1.01538 10.6409 0.123443 0.674392 -0.040771 0.726839
37 2.6648 0.66645 9.8833 0.147161 0.699284 -0.0476465 0.697908
39 1.92988 -1.0459 1.69633 0.0541777 0.768244 0.12181 0.626122
41 2.45821 0.578185 4.90223 0.11774 0.506205 -0.089834 0.849602
51 3.73793 0.325436 9.14922 0.166556 0.707597 -0.0407987 0.685493
54 2.64901 -1.38137 1.42301 -0.015282 0.723352 0.142498 0.675443
56 4.05811 0.195318 8.7501 0.17473 0.708352 -0.0387035 0.682794
57 3.54118 0.536569 8.98527 0.156491 0.689396 -0.0329778 0.70651
58 4.42258 0.0530741 8.56913 0.180544 0.722446 -0.0393382 0.666279
59 3.81383 0.375564 8.88282 0.164725 0.699048 -0.0351823 0.694953
68 5.28564 -0.739802 6.40513 0.191639 0.714326 -0.0501483 0.671192
70 2.3685 -1.61675 0.432351 0.029411 0.369516 0.0510334 0.927356
72 4.94574 -0.797496 6.3641 0.181835 0.684945 -0.0472362 0.703956
82 10.836 -1.08501 2.44221 -0.0377528 0.970527 -0.128401 -0.200411
83 10.9814 -0.346393 1.87452 -0.071502 0.962841 -0.137343 -0.221273
94 5.56832 -1.40654 6.64847 0.205666 0.729797 -0.0297997 0.651315
