1 2.1349 -0.7857 1.70576 0.15852 0.745975 -0.0206425 0.646503
2 -0.218748 -0.228263 2.93093 0.10563 0.366571 -0.0861237 0.920353
3 -0.517933 -0.145907 2.91143 0.0996701 0.317577 -0.0914413 0.938536
5 2.11188 -0.960924 1.658 0.150001 0.735322 -0.0102264 0.66083
6 -0.474157 -0.472292 2.87926 0.10437 0.316222 -0.0717782 0.94019
11 1.85065 2.82402 3.90408 0.183585 0.34865 -0.294801 0.870535
12 0.296181 -0.435896 1.91191 0.117579 0.260051 -0.0753284 0.955445
21 1.67903 -0.664219 0.814683 0.125983 0.193777 -0.0610313 0.971007
22 1.41545 -1.10655 1.0253 0.111176 0.21497 -0.0363283 0.969592
24 3.70091 -3.06051 -6.04196 0.199526 -0.206177 0.322405 0.902073
27 1.45229 -1.0447 1.05418 0.110628 0.21582 -0.0429001 0.969197
28 1.45888 -1.04512 1.04372 0.111223 0.21857 -0.0426301 0.968524
29 1.454 -1.0441 1.0521 0.110789 0.216352 -0.0425629 0.969075
34 2.3539 -1.40703 1.70411 0.131078 0.766835 0.0214473 0.627951
48 2.59643 -1.17194 1.58047 0.160573 0.765235 0.0028163 0.623398
49 2.60274 -1.34773 1.48083 0.148862 0.771375 0.0141278 0.618564
50 2.57397 -1.34856 1.46719 0.148945 0.772133 0.0135517 0.61761
51 -4.43314 1.23576 1.56026 0.102296 0.294018 -0.0971135 0.945335
54 2.57923 -1.28074 1.61672 0.158011 0.779856 0.00997636 0.605605
55 2.54671 -1.27999 1.67056 0.157462 0.774305 0.00850268 0.61285
57 2.60427 -1.36133 1.59193 0.153912 0.773813 0.0141617 0.614267
60 2.81 -1.21444 1.01974 0.155433 0.745069 -0.000341237 0.648624
69 2.82575 -1.49749 1.36774 0.133061 0.777506 0.0258485 0.614093
70 2.8225 -1.49277 1.37951 0.132244 0.776558 0.025864 0.615467
73 8.15808 -2.13445 1.5908 -0.476269 0.782531 -0.183801 -0.356412
74 8.15808 -2.13445 1.59081 -0.476269 0.782531 -0.183801 -0.356411
75 8.15808 -2.13444 1.59082 -0.476269 0.782531 -0.183802 -0.356411
82 7.82696 -2.99552 1.46977 -0.545853 -0.364028 0.588593 -0.472319
83 7.82696 -2.99552 1.46977 -0.545853 -0.364028 0.588593 -0.472319
84 7.82696 -2.99552 1.46977 -0.545853 -0.364028 0.588593 -0.472319
85 7.82696 -2.99552 1.46977 -0.545853 -0.364028 0.588593 -0.472319
86 7.82696 -2.99552 1.46977 -0.545853 -0.364028 0.588593 -0.472319
87 7.82696 -2.99552 1.46977 -0.545853 -0.364028 0.588593 -0.472319
93 2.32097 -1.1724 0.8 0.079215 0.165289 -0.0553127 0.981501
94 2.32097 -1.1724 0.8 0.079215 0.165289 -0.0553127 0.981501
95 2.42584 -1.15537 0.43204 0.0917095 0.23074 -0.0494129 0.967423
100 3.09998 -1.40729 1.43957 0.134472 0.782997 0.0274737 0.606694
103 3.13879 -1.50096 1.35703 0.127473 0.771273 0.0268054 0.623033
107 2.72979 -1.17199 0.647156 0.0781905 0.145459 -0.0551814 0.984725
108 2.72979 -1.17199 0.647156 0.0781905 0.145459 -0.0551814 0.984725
114 3.25653 -1.61678 1.39741 0.116091 0.757774 0.0289368 0.641455
117 5.79595 -1.39667 4.79892 0.189455 0.75996 -0.117936 0.610457
118 6.65616 -1.67567 3.27122 0.196191 0.82568 -0.117081 0.515803
121 6.64931 -1.78988 4.06693 0.186455 0.822346 -0.100643 0.528065
122 6.96166 -1.86073 3.39646 0.187344 0.846279 -0.0995432 0.488677
123 7.37824 -2.14752 2.08972 0.105506 0.546019 -0.313476 0.769717
125 3.35239 -1.42627 1.44628 0.136384 0.76194 0.00379493 0.633113
126 0.967111 -0.995218 3.75606 0.0836316 0.435347 -0.0610698 0.894287
133 3.60483 -1.45068 0.970006 0.132585 0.731153 -0.00210241 0.669202
138 3.82736 -0.669664 5.99509 0.179475 0.602624 -0.144045 0.764123
149 9.91285 -0.78183 1.12703 -0.300519 0.844739 -0.12856 -0.423764
150 7.24929 4.17483 -2.08132 -0.493485 0.709757 -0.110202 -0.490482
152 3.65086 -1.61754 1.28128 0.122737 0.757976 0.0201688 0.640314
154 4.55874 -1.37656 6.55342 0.191488 0.689759 -0.0962565 0.691592
155 4.55875 -1.37656 6.55341 0.191487 0.689759 -0.0962562 0.691592
156 4.24093 -1.35656 3.59173 0.211966 0.884823 0.0230429 0.41428
157 3.85252 -1.37123 4.00266 0.216428 0.862642 0.0185509 0.456797
160 3.94576 -1.4651 0.91518 0.130148 0.722911 0.00892601 0.678514
166 5.31482 -0.876121 7.68517 0.226253 0.73617 -0.147864 0.620483
167 3.79856 -1.84056 1.40883 0.101589 0.769591 0.0435296 0.628899
168 3.8898 -1.72983 1.22845 0.10806 0.757556 0.0299397 0.643067
176 4.11258 -1.62704 0.877813 0.116745 0.712124 0.0159751 0.692095
182 4.00142 -1.77681 1.2178 0.108939 0.751778 0.0402723 0.649107
183 4.97094 -1.38888 6.3775 0.206437 0.700524 -0.103797 0.675186
184 4.11182 -2.03533 1.26229 0.0903125 0.752032 0.0605114 0.6501
192 4.19022 -1.73925 1.18418 0.118824 0.759078 0.0421185 0.638676
193 4.18924 -1.77105 1.13867 0.113577 0.755913 0.042081 0.64337
194 5.19264 -1.48941 6.12314 0.212819 0.714293 -0.0989374 0.659322
195 4.23025 -1.80467 1.10941 0.109004 0.753262 0.0415674 0.647292
201 4.44666 -1.72549 0.897571 0.116059 0.732199 0.0243278 0.670689
202 4.44766 -1.72628 0.891237 0.116241 0.732603 0.0243725 0.670214
203 4.44622 -1.72836 0.894621 0.116355 0.732351 0.0241873 0.670477
212 4.64902 -1.74735 0.801404 0.119177 0.731659 0.0123506 0.671058
217 5.52836 -1.52859 5.61821 0.214161 0.727962 -0.111339 0.641724
224 5.83452 -0.0963436 2.5926 0.203282 0.392588 -0.337723 0.83096
244 5.79829 -1.65648 5.41358 0.227926 0.736083 -0.133194 0.623291
255 5.96664 -1.78304 5.33517 0.2289 0.751348 -0.135302 0.603966
261 5.47299 -0.040418 2.64978 0.213484 0.384152 -0.33395 0.833864
263 5.31995 -2.01992 0.910995 0.14631 0.726974 -0.000663559 0.670897
264 5.31946 -2.02252 0.908246 0.146532 0.727088 -0.000781339 0.670724
409 7.53645 -1.48336 -0.257204 0.10977 -0.326911 -0.0417269 0.937731
415 6.32802 -2.6779 0.960439 0.060473 0.400848 -0.0204576 0.913918
426 1.25403 -3.60486 3.24823 -0.0353871 0.174259 0.0210883 0.983838
432 7.12345 -2.13563 0.716608 0.128404 0.201138 0.00691278 0.971086
435 6.54893 -2.50499 4.50003 -0.039381 0.10906 0.0205142 0.993043
436 6.43218 -2.54757 4.64114 -0.0641107 0.142262 0.0159798 0.987621
437 0.629441 -3.42069 3.78011 0.0100794 0.222551 0.0270428 0.974494
445 6.50099 -3.00949 1.05238 0.0141855 0.183111 0.0364895 0.982312
453 5.82876 -0.936742 1.39248 0.202533 0.180062 0.00583173 0.962561
458 -0.104857 -2.98102 3.75824 -0.024092 0.224412 0.0275608 0.973807
466 -0.0512086 -2.78999 3.76454 -0.0241024 0.222376 0.0278485 0.974265
467 6.62581 -3.39093 1.19097 -0.0939537 0.121157 0.0484916 0.986986
468 6.27216 -2.91399 1.0695 -0.0427811 0.146856 0.0374479 0.987523
469 4.41114 -1.93926 6.70848 -0.57917 0.366258 -0.126189 0.717283
472 7.27266 -1.86975 0.816687 0.0524828 0.0264263 0.0175708 0.998117
473 7.28677 -1.84503 0.770566 0.0533854 0.0295903 0.0192604 0.99795
474 5.42693 -2.06201 4.04455 -0.03431 0.113495 -0.0135615 0.992853
476 7.15158 -1.71629 0.88778 0.0529607 0.0526902 0.0209858 0.996985
477 3.16521 -1.70809 1.31971 -0.0950465 -0.0013425 -0.0907355 0.991328
479 6.42749 -2.88405 1.21664 -0.0726501 0.128206 0.0525197 0.987688
483 6.29379 -2.92234 1.17013 -0.0842332 0.138764 0.0574364 0.985064
484 6.28199 -2.93089 1.20699 -0.0843961 0.135993 0.056491 0.985491
485 6.35297 -2.81362 1.165 -0.0791519 0.130567 0.0555007 0.986715
486 -2.26549 0.204419 3.41443 -0.542575 0.231602 -0.331341 0.736333
488 6.74264 -2.70326 1.12561 -0.0792318 0.0969981 0.0492138 0.990905
490 0.0223354 -2.23021 3.82738 -0.0239679 0.212999 0.0282712 0.976349
492 11.489 -1.80956 -0.330801 -0.0116419 -0.691506 0.0637454 0.719458
493 8.94819 -3.80317 5.08054 -0.385099 -0.207336 0.148476 0.886942
494 4.42015 -1.93508 6.74503 -0.652842 0.369697 -0.102644 0.653135
495 6.48972 -3.09673 1.43956 -0.130894 0.121898 0.0533016 0.982429
496 6.48676 -3.10046 1.4441 -0.130687 0.121473 0.0530336 0.982524
497 4.91171 -2.44356 4.81568 -0.240319 -0.105504 0.00505676 0.96493
498 4.91171 -2.44356 4.81568 -0.240319 -0.105504 0.00505676 0.96493
499 4.91171 -2.44356 4.81568 -0.240319 -0.105504 0.00505676 0.96493
502 5.75639 -1.81021 6.29809 -0.40522 -0.200138 0.715049 0.533336
504 6.38668 -2.88353 1.3713 -0.101002 0.121498 0.0488159 0.986232
505 5.74213 -2.67342 3.27882 -0.147105 -0.0107524 0.0306775 0.988587
506 6.38259 -2.91641 1.3979 -0.107473 0.124109 0.0524065 0.985038
507 5.64614 -2.62117 4.10716 -0.187904 0.0980883 0.0185738 0.977101
508 6.45896 -3.02887 1.41361 -0.125655 0.128387 0.0662217 0.9815
509 5.72663 -2.88081 3.36401 -0.158867 -0.0145358 0.0455092 0.986143
510 5.61882 -0.395879 6.45482 -0.0488858 0.703177 -0.683359 -0.190192
512 6.80555 -2.94329 1.44186 -0.126265 0.0933987 0.0619831 0.985643
513 6.80344 -2.94588 1.44595 -0.126183 0.0930798 0.0617816 0.985696
514 6.66965 -3.04196 1.76174 -0.121406 0.0671974 0.0532942 0.988891
517 6.60245 -2.85226 1.73334 -0.129463 0.118226 0.0816504 0.981119
518 2.1822 -2.4217 1.41065 -0.0378328 -0.133268 0.0576003 0.988681
521 6.55336 -2.92807 1.69571 -0.130761 0.140472 0.0661212 0.979182
522 6.20555 -2.6267 4.38847 -0.213491 0.102905 0.0402736 0.970675
524 6.61495 -2.85193 1.62624 -0.13073 0.139836 0.0799275 0.978247
526 6.62562 -3.15251 1.74016 -0.162447 0.132146 0.0751737 0.974934
529 7.25893 -1.69156 1.45431 0.00370349 0.061913 0.0189238 0.997895
531 6.35466 -3.53547 2.31448 -0.223658 0.180047 0.0595008 0.956044
532 4.65042 -2.48182 5.38522 -0.318539 -0.0420363 0.0196144 0.946774
533 4.65042 -2.48182 5.38522 -0.318539 -0.0420363 0.0196144 0.946774
534 6.48501 -2.9309 1.74984 -0.137416 0.153999 0.0657207 0.976259
535 4.92406 -2.41997 4.81067 -0.23458 -0.0538831 0.0102695 0.970548
536 4.72311 -2.27518 6.52145 -0.620875 0.260437 0.0041147 0.739371
540 -0.265802 -1.46522 3.45016 0.0426509 0.145377 0.0124782 0.988378
543 6.76645 -3.02989 1.90734 -0.153812 0.122911 0.0731803 0.977691
544 6.00364 -2.90219 3.70565 -0.19161 0.00321105 0.0452562 0.980422
547 6.80907 -3.22411 2.05625 -0.180731 0.132215 0.07373 0.971812
549 1.84993 -2.17498 5.46858 -0.0248161 0.262937 0.0563423 0.962847
550 1.84873 -2.17452 5.4692 -0.0248618 0.26283 0.0563364 0.962875
551 1.87125 -2.17183 5.46214 -0.0249504 0.264509 0.0569978 0.962374
552 2.50585 -2.13577 5.20673 -0.0238182 0.317048 0.0661467 0.9458
553 6.93154 -3.09423 2.04975 -0.165101 0.123871 0.0705057 0.975923
556 12.6736 -1.99399 2.13256 -0.0301248 -0.79283 0.0405019 0.607349
557 11.1228 -1.6777 6.87986 0.110578 0.876864 -0.0960429 -0.457884
560 6.75538 -2.98798 2.09586 -0.150297 0.163224 0.0640205 0.97297
561 6.96132 -3.03754 2.1502 -0.160592 0.142783 0.068178 0.974256
562 6.9597 -3.03947 2.15245 -0.16052 0.142608 0.068044 0.974303
565 1.88919 -2.15709 4.02241 -0.0250821 0.216438 0.0360011 0.97531
569 6.93419 -2.86532 2.24043 -0.147503 0.158436 0.0729907 0.973557
570 6.98272 -2.96998 2.27153 -0.157876 0.151607 0.0660781 0.973511
571 2.45447 -2.49638 2.38721 -0.135989 0.0893763 -0.00487136 0.986659
573 6.86024 -2.65492 2.32049 -0.116828 0.178112 0.0523282 0.975648
574 6.85618 -2.65869 2.32692 -0.116665 0.1776 0.0520752 0.975774
575 6.85198 -2.66348 2.33315 -0.116482 0.177116 0.0517588 0.975901
576 6.97462 -2.85148 2.37351 -0.148357 0.15889 0.0662094 0.973838
577 7.02308 -2.93708 2.37009 -0.155003 0.155328 0.059384 0.973818
578 7.02683 -2.94195 2.38539 -0.155405 0.155046 0.0589195 0.973827
580 1.88303 -1.93244 3.93711 -0.00160155 0.140729 0.0274557 0.989666
584 7.01526 -2.93269 2.50194 -0.156602 0.13398 0.064191 0.976424
585 7.07975 -2.9542 2.50562 -0.158393 0.127992 0.0609508 0.977146
586 7.08281 -2.94935 2.50318 -0.158525 0.128167 0.061267 0.977082
587 7.0991 -2.94177 2.53186 -0.15924 0.127589 0.0618565 0.977004
588 6.47107 -2.59714 4.52979 -0.219876 0.10759 0.0405878 0.968727
589 1.47843 -1.96117 4.18036 -0.237741 0.155518 -0.150123 0.946972
590 3.96493 -2.07334 6.0818 0.0138589 0.327499 0.0968322 0.939775
591 3.97452 -2.07186 6.07583 0.0138867 0.328153 0.0970696 0.939521
592 1.88372 -1.98266 3.97044 0.00408167 0.136015 0.0331104 0.990145
593 1.98398 -1.99801 3.91141 0.0067101 0.147996 0.0342164 0.988373
594 1.98456 -1.99795 3.91114 0.00671221 0.148058 0.0342341 0.988363
595 1.98456 -1.99795 3.91114 0.00671221 0.148058 0.0342341 0.988363
596 4.04858 -1.7451 7.50867 0.0426345 0.461081 0.0949482 0.881233
597 4.0514 -1.75974 7.50256 0.0435191 0.461302 0.0947945 0.88109
598 7.83718 -1.71481 5.63722 0.0510599 0.409438 -0.0866376 0.906779
599 -3.96293 -14.4957 5.82571 -0.274936 -0.105691 0.861322 -0.413962
600 2.24055 -13.7599 7.55165 0.134501 0.133873 -0.806867 0.559423
601 1.62478 -13.1734 8.70184 0.172307 0.0708003 -0.787142 0.587967
602 1.63146 -13.1806 8.68969 0.171667 0.0716154 -0.787583 0.587464
603 7.82784 -1.70278 5.6721 -0.0591454 0.135032 0.98715 0.0616666
604 7.82785 -1.70279 5.67208 -0.059144 0.135032 0.98715 0.0616672
605 7.83035 -1.72378 5.66133 -0.0584898 0.134512 0.987208 0.0625044
606 7.83335 -1.75026 5.64776 -0.0576666 0.133858 0.987277 0.0635644
612 7.08714 -2.57772 2.88987 -0.105076 0.130023 0.0543567 0.984428
617 2.40622 -1.84692 4.39087 0.0249144 0.176576 0.0186233 0.983795
618 2.40133 -1.8463 4.39421 0.0241501 0.176979 0.0166344 0.983778
619 7.86327 -1.72915 5.62689 0.0380675 0.410957 -0.114398 0.903647
620 7.53178 -2.02181 5.63711 -0.0410239 0.4163 -0.00138174 0.9083
621 7.26152 -2.06185 5.85128 -0.0664834 0.41429 -0.0637886 0.905469
622 7.26161 -2.06174 5.85121 -0.066489 0.414295 -0.0637862 0.905467
626 7.1601 -2.607 3.12575 -0.107788 0.139117 0.0542906 0.982894
627 7.162 -2.60673 3.12186 -0.107762 0.139375 0.0543475 0.982857
628 7.18367 -2.60885 3.14944 -0.110337 0.139815 0.0529855 0.982583
629 7.18148 -2.61178 3.15175 -0.110219 0.139627 0.0528266 0.982632
630 7.1558 -2.80403 3.187 -0.150021 0.143598 0.0704961 0.975655
631 7.25836 -2.81324 3.20771 -0.148252 0.129063 0.0642135 0.978387
632 7.25445 -2.81877 3.21127 -0.148029 0.128766 0.0639134 0.978479
633 7.14683 -2.61345 3.26398 -0.109793 0.155499 0.0562303 0.980104
634 3.31446 -2.3116 3.31527 -0.125376 0.127278 -0.024423 0.983608
635 3.31442 -2.31063 3.31588 -0.125448 0.127222 -0.0243642 0.983607
636 7.17395 -2.54139 3.28194 -0.0926286 0.152057 0.0562766 0.982411
637 7.16032 -2.75742 3.25766 -0.136839 0.151365 0.0778892 0.975857
638 7.28241 -2.76425 3.31278 -0.133458 0.131514 0.0702887 0.979772
639 7.17494 -2.5852 3.3564 -0.0978847 0.154758 0.0608542 0.981206
640 7.1777 -2.58983 3.34748 -0.0975473 0.155269 0.060769 0.981164
641 7.20732 -2.58426 3.36787 -0.0965349 0.154377 0.0624499 0.9813
642 3.58372 -2.33349 3.47864 -0.128171 0.13095 -0.0257075 0.982733
643 7.23426 -2.61252 3.40651 -0.100642 0.152295 0.0664974 0.980946
644 2.50139 -2.20461 3.34341 -0.108638 0.153571 -0.0296835 0.981699
645 7.24266 -2.59457 3.42692 -0.0975378 0.156536 0.0632571 0.980807
646 7.2448 -2.59666 3.42119 -0.0973597 0.15687 0.0632449 0.980772
647 7.24503 -2.59754 3.42022 -0.0973089 0.156924 0.0632185 0.98077
648 7.27305 -2.59178 3.4597 -0.0989106 0.156365 0.0629081 0.980719
650 7.25721 -2.57245 3.50837 -0.100199 0.168301 0.060129 0.978785
653 7.28958 -2.54328 3.53519 -0.0947227 0.144183 0.0601967 0.983166
655 7.27536 -2.54111 3.5864 -0.0950814 0.154368 0.058277 0.9817
657 7.3208 -2.56053 3.59946 -0.0976825 0.139074 0.0577913 0.983756
659 4.3091 -2.20482 4.65264 -0.066604 0.227968 0.00217601 0.971385
660 7.32916 -2.54879 3.65242 -0.0956297 0.151028 0.0539811 0.982411
661 7.34204 -2.55376 3.66024 -0.0964358 0.151591 0.0531805 0.982289
663 7.3418 -2.51879 3.68884 -0.0866305 0.153046 0.0498229 0.983153
664 7.34983 -2.52249 3.70639 -0.0866692 0.152599 0.0495989 0.98323
669 7.35314 -2.53115 3.7986 -0.0818902 0.140497 0.0500545 0.985418
672 7.36837 -2.54319 3.85131 -0.0859845 0.13888 0.052605 0.985166
676 7.39722 -2.52689 3.88114 -0.0854394 0.147958 0.0565969 0.983669
677 7.40409 -2.52385 3.89526 -0.084563 0.146913 0.0576631 0.98384
678 7.40193 -2.52651 3.89784 -0.0844824 0.14673 0.0575217 0.983882
681 7.41666 -2.55133 3.97484 -0.0890555 0.144266 0.0641593 0.983433
684 7.42984 -2.54313 4.00978 -0.0872672 0.153196 0.0666683 0.982075
685 7.43941 -2.54113 4.02583 -0.0871633 0.152659 0.0668879 0.982153
686 7.44824 -2.54085 4.03483 -0.0872391 0.15268 0.066879 0.982143
688 4.63188 -2.20508 4.90262 -0.105046 0.248499 -0.024238 0.962614
690 7.44833 -2.52314 4.10268 -0.0876014 0.16798 0.0639958 0.979803
691 7.45447 -2.52031 4.11126 -0.0893941 0.168528 0.0627567 0.979627
692 4.10247 -2.36838 4.04126 -0.122763 0.162967 -0.0297757 0.978511
696 4.90893 -2.1769 4.90716 -0.102226 0.244712 -0.0260303 0.96384
701 7.50314 -2.46089 4.25695 -0.0762507 0.146064 0.0506763 0.98503
702 7.51492 -2.46263 4.26329 -0.0767659 0.146259 0.0502557 0.984982
703 7.52517 -2.46464 4.27394 -0.0772709 0.146194 0.0496543 0.984983
708 5.65221 -2.42265 4.80584 -0.0359871 0.213845 0.031405 0.975699
