10 7.13428 -2.65099 0.916933 0.0377339 0.834864 0.231479 0.497991
115 6.81038 -2.78264 2.13286 0.179252 0.694539 0.0139801 0.696627
161 6.81242 -2.49597 0.868566 0.139707 0.956885 0.182456 0.177658
162 5.71978 -2.78613 5.45653 0.113311 0.789502 0.0801009 0.597855
164 6.85847 -2.51307 1.07854 0.150116 0.956365 0.202968 0.147089
165 9.28338 -2.24319 0.86401 0.121492 0.989732 -0.072037 -0.0219345
166 6.86975 -2.72434 0.991789 0.160687 0.94023 0.285934 0.0915909
167 9.22804 -2.26712 1.15455 0.134332 0.988174 -0.0652356 0.0348067
168 9.22758 -2.26693 1.15835 0.134339 0.988165 -0.0652532 0.0350024
169 9.22715 -2.26645 1.1624 0.134331 0.988157 -0.0652705 0.0352123
170 6.86881 -2.59508 1.04095 0.14741 0.955154 0.237312 0.0981557
171 6.86119 -2.58701 1.04741 0.148865 0.955279 0.235594 0.0988739
172 9.21889 -2.20026 0.871642 0.119125 0.989795 -0.0770011 -0.0136311
173 9.27887 -2.22855 0.85072 0.121661 0.989688 -0.0719099 -0.0233713
174 9.27689 -2.23747 0.854858 0.122091 0.989796 -0.0697462 -0.0230963
175 9.1995 -2.22302 0.889015 0.122835 0.989666 -0.0733314 -0.00971473
176 9.20023 -2.22163 0.885257 0.122745 0.989677 -0.0733168 -0.00990403
177 9.2385 -2.20401 0.878452 0.11947 0.990058 -0.072752 -0.0147888
178 9.23892 -2.20263 0.877377 0.119394 0.990067 -0.0727517 -0.0148395
179 9.2385 -2.20341 0.879341 0.119451 0.990056 -0.0728203 -0.0147489
180 6.84244 -2.5882 1.06722 0.14156 0.955007 0.241061 0.0990567
181 9.24996 -2.12223 0.950424 0.108196 0.990705 -0.0824328 -0.00118939
182 9.20385 -2.19517 0.870921 0.118119 0.990018 -0.0758216 -0.0127591
183 9.20375 -2.19594 0.87521 0.118131 0.99017 -0.0738692 -0.0123006
184 9.20419 -2.195 0.87331 0.118072 0.990177 -0.0738631 -0.0123953
185 9.20516 -2.19119 0.873061 0.117873 0.9902 -0.0738702 -0.0123944
186 9.20556 -2.18957 0.872837 0.117788 0.99021 -0.0738692 -0.0123996
187 9.20315 -2.20323 0.868177 0.118473 0.990122 -0.0738934 -0.012709
188 9.25049 -2.25731 0.754014 0.121299 0.989476 -0.0683573 -0.0393884
189 6.90895 -2.55746 0.995922 0.153412 0.958501 0.217499 0.102149
190 9.13842 -2.32228 0.708738 0.129123 0.98861 -0.0659078 -0.0404112
192 8.7784 -1.91055 0.0528066 0.0526354 0.959521 -0.243837 -0.130738
195 6.94301 -2.56068 0.822858 0.160254 0.961212 0.211505 0.0752089
199 7.08397 -2.60737 0.72169 0.189768 0.959692 0.201135 0.050241
200 7.08515 -2.5877 0.686776 0.187613 0.96266 0.18834 0.0511433
201 7.11368 -2.57626 0.608673 0.193095 0.96562 0.16856 0.0433683
202 7.09805 -2.58471 0.603423 0.192449 0.964091 0.175584 0.0515928
203 7.12386 -2.58446 0.602957 0.193962 0.964924 0.17271 0.0383663
204 7.12352 -2.5853 0.602498 0.194023 0.964913 0.172708 0.0383472
205 7.09975 -2.58169 0.599796 0.192422 0.964208 0.174348 0.0536613
206 7.09273 -2.56798 0.606858 0.190656 0.965359 0.167737 0.0599784
207 7.1076 -2.563 0.611923 0.19056 0.966597 0.163995 0.0498263
208 7.0918 -2.58395 0.608245 0.189846 0.963862 0.179195 0.0530766
209 7.0822 -2.56911 0.614939 0.187575 0.965181 0.172989 0.0575843
210 7.08604 -2.57177 0.628262 0.189479 0.964715 0.175183 0.052276
211 7.09546 -2.58055 0.649484 0.185892 0.964669 0.180448 0.0479151
212 7.07269 -2.58154 0.681541 0.184701 0.96328 0.186567 0.0562982
213 7.06743 -2.57925 0.688169 0.184563 0.963254 0.186708 0.0567368
214 7.06586 -2.59982 0.690162 0.185563 0.960854 0.198157 0.0553124
215 7.07724 -2.58442 0.698704 0.183874 0.962953 0.189749 0.0539287
216 8.89903 -2.63206 0.275669 0.160297 0.978414 -0.0355999 -0.125471
217 7.05803 -2.56995 0.700045 0.183051 0.963685 0.183238 0.0650231
218 7.05784 -2.58314 0.699013 0.18425 0.962083 0.189564 0.0671836
222 9.79741 -2.77706 -0.118526 0.166571 0.9575 -0.0110982 -0.235214
223 7.03446 -2.7412 1.19361 0.196053 0.945137 0.246774 0.0859197
225 10.1709 -2.54424 -0.189339 0.139161 0.956017 -0.0163666 -0.257677
226 10.1709 -2.54424 -0.189339 0.139161 0.956017 -0.0163666 -0.257677
228 10.1429 -2.55126 -0.227654 0.137171 0.955804 -0.0153011 -0.259592
229 10.1429 -2.55126 -0.227654 0.137171 0.955804 -0.0153011 -0.259592
230 6.93248 -2.77481 1.23641 0.184068 0.938864 0.270633 0.106824
231 6.92925 -2.69671 1.23933 0.179391 0.945998 0.243982 0.115671
232 9.84513 -2.53987 0.662264 0.151769 0.982639 -0.0472515 -0.0956796
233 6.9723 -2.74688 1.19401 0.192087 0.941372 0.253612 0.112261
234 6.95297 -2.77346 1.22292 0.190533 0.937849 0.265832 0.116062
235 6.95417 -2.77943 1.25244 0.188852 0.936767 0.270032 0.117838
236 6.98829 -2.76633 1.25965 0.190881 0.93947 0.2637 0.106876
237 6.9539 -2.75355 1.23851 0.190721 0.939008 0.261104 0.117111
238 10.0725 -2.58737 0.799466 0.157774 0.982903 -0.0420947 -0.0850744
239 9.98719 -2.631 0.457682 0.158798 0.977359 -0.038164 -0.134521
241 10.2235 -2.65172 -0.365309 0.14686 0.950855 -0.0052868 -0.27254
242 6.98069 -2.78469 1.2934 0.187483 0.937371 0.270278 0.114615
243 10.1807 -2.54036 0.411841 0.147659 0.97709 -0.0406769 -0.147772
244 10.0528 -2.56032 0.437675 0.152522 0.977517 -0.0421446 -0.139357
245 9.96323 -2.5828 0.487513 0.155769 0.978342 -0.0429003 -0.129395
246 6.94611 -2.71568 1.15955 0.18509 0.943741 0.248139 0.116278
247 6.92448 -2.64016 1.15412 0.178101 0.950459 0.225336 0.118872
248 9.65005 -2.49496 0.84057 0.147053 0.986227 -0.0520468 -0.0549891
249 9.59448 -2.54546 0.601817 0.150345 0.983028 -0.0470296 -0.0940259
250 6.94481 -2.70013 1.03073 0.181298 0.946674 0.245034 0.104395
251 9.44349 -2.49783 0.64726 0.145364 0.984929 -0.0521024 -0.077904
252 9.46235 -2.49945 0.659891 0.145408 0.985001 -0.0524965 -0.0766384
253 9.41813 -2.49578 0.645033 0.14594 0.984878 -0.0536874 -0.0763793
255 6.94191 -2.67034 1.00379 0.180136 0.948635 0.227997 0.125141
257 9.66533 -2.72397 -0.0974929 0.153865 0.961548 -0.0115118 -0.227196
258 9.66533 -2.72397 -0.097493 0.153865 0.961548 -0.0115118 -0.227196
259 6.99132 -2.66298 0.993266 0.187009 0.950879 0.2182 0.115091
266 9.52897 -2.66504 -0.0043846 0.149856 0.964794 -0.0165727 -0.215504
267 9.52897 -2.66504 -0.0043846 0.149856 0.964794 -0.0165727 -0.215504
269 9.54724 -2.67863 0.0117668 0.152961 0.965226 -0.0234063 -0.210701
270 6.96825 -2.60444 0.988867 0.182509 0.954848 0.200396 0.121642
272 9.54033 -2.72941 -0.0105216 0.160627 0.963457 -0.0137308 -0.21392
273 6.95889 -2.76878 0.919979 0.203041 0.936615 0.264887 0.106596
274 9.59579 -2.75134 0.209734 0.168547 0.970874 -0.0308364 -0.167466
276 7.00726 -2.63733 1.02474 0.192827 0.954872 0.200827 0.103473
283 6.94336 -2.64378 0.977794 0.181305 0.955972 0.221125 0.0659585
285 9.00277 -2.38091 1.60293 0.157231 0.976838 -0.0756643 0.123861
288 7.00757 -2.66371 0.955731 0.193426 0.954375 0.225228 0.0320427
289 6.99002 -2.65909 0.918654 0.188633 0.954536 0.228701 0.0311974
292 8.38962 -2.67587 0.512552 0.179887 0.982196 -0.0251689 -0.0479383
294 7.02615 -2.62458 0.452149 0.2003 0.967509 0.152243 0.0250544
295 7.03667 -2.60649 0.398346 0.201342 0.97024 0.134486 -0.00300364
296 7.02379 -2.61086 0.377153 0.198437 0.971601 0.128179 0.0136023
297 7.00812 -2.60977 0.386502 0.188576 0.972707 0.134592 0.0128413
298 6.99787 -2.60831 0.38564 0.186577 0.97289 0.136114 0.012117
299 6.98739 -2.60768 0.373603 0.182824 0.973231 0.139022 0.00830637
300 8.18084 -2.77521 0.335639 0.178419 0.98201 -0.0242373 -0.0568896
301 8.25133 -2.78717 0.300677 0.170994 0.982108 -0.0212556 -0.0759812
302 8.23748 -2.74194 0.350031 0.167232 0.983679 -0.0313097 -0.0585535
303 8.23717 -2.72247 0.351362 0.166182 0.983877 -0.0312536 -0.0582505
305 8.3574 -2.73405 0.165 0.153748 0.97746 -0.0206243 -0.143209
306 8.35922 -2.72975 0.145389 0.153439 0.977351 -0.020569 -0.144288
307 8.36637 -2.70104 0.346868 0.153919 0.98456 -0.0358013 -0.0752963
308 8.30235 -2.67057 0.442394 0.152532 0.986675 -0.0438479 -0.0358192
309 8.30157 -2.67127 0.449231 0.152599 0.986678 -0.0438746 -0.035435
311 8.3037 -2.64228 0.121746 0.140022 0.9778 -0.0263571 -0.153642
312 8.24924 -2.57577 0.293685 0.140215 0.986446 -0.0469824 -0.071116
313 8.3711 -2.55173 0.215233 0.137903 0.984052 -0.0423467 -0.10407
315 8.33074 -2.57813 0.0862447 0.147167 0.978203 -0.0159591 -0.145622
316 8.30877 -2.55271 0.115101 0.149129 0.979139 -0.035608 -0.13334
317 8.36693 -2.56451 0.0772482 0.14905 0.97702 -0.0328491 -0.148785
318 8.36799 -2.56139 0.0765643 0.148869 0.977042 -0.0328744 -0.148817
319 7.03335 -2.42194 0.448994 0.171405 0.97551 0.106942 0.0869735
320 7.03937 -2.42515 0.460645 0.170071 0.975679 0.110114 0.0836788
321 7.03693 -2.42427 0.462014 0.170048 0.97569 0.109997 0.083747
322 8.41299 -2.56901 0.132573 0.153197 0.9786 -0.033712 -0.13318
323 7.03208 -2.42018 0.463165 0.170728 0.976439 0.107755 0.0762103
324 8.44706 -2.57798 0.157476 0.155175 0.978987 -0.0348017 -0.127647
325 7.0197 -2.42083 0.481424 0.169971 0.97548 0.111103 0.084877
326 8.46152 -2.5668 0.214079 0.153659 0.981361 -0.0377607 -0.109059
327 8.46152 -2.5668 0.214079 0.153659 0.981361 -0.0377607 -0.109059
328 8.46149 -2.56652 0.218008 0.153658 0.981384 -0.0377788 -0.108841
329 8.39469 -2.52624 0.229499 0.148178 0.982734 -0.041601 -0.102696
330 8.39247 -2.52484 0.229301 0.148142 0.982744 -0.0416261 -0.102648
331 8.38481 -2.52147 0.227684 0.148084 0.982761 -0.0416845 -0.10254
332 8.38471 -2.5219 0.226435 0.148104 0.982751 -0.0416772 -0.102611
333 8.37449 -2.52719 0.227587 0.148451 0.982768 -0.0409112 -0.102256
335 8.13253 -2.52579 0.315646 0.164967 0.983727 -0.0157812 -0.0694139
336 8.03375 -2.48562 0.325916 0.164757 0.98383 -0.0163373 -0.0683155
337 8.03491 -2.47614 0.345615 0.164255 0.983993 -0.0164029 -0.0671477
338 8.03539 -2.47148 0.356671 0.164013 0.984077 -0.0164435 -0.0664941
339 8.03606 -2.46585 0.368059 0.163715 0.984171 -0.0164876 -0.0658198
340 8.0371 -2.45595 0.387435 0.16319 0.984334 -0.0165519 -0.0646704
341 8.03746 -2.45309 0.393066 0.163038 0.98438 -0.016574 -0.064337
342 8.03817 -2.44703 0.405691 0.162717 0.984481 -0.0166238 -0.06359
343 8.03777 -2.44464 0.416977 0.162611 0.984541 -0.016661 -0.0629257
344 8.03777 -2.44464 0.416977 0.162611 0.984541 -0.016661 -0.0629257
345 8.09675 -2.5263 0.28036 0.164946 0.983545 -0.016683 -0.0717907
346 8.08215 -2.49458 0.285487 0.15409 0.985581 -0.0240352 -0.0656434
347 8.08231 -2.49532 0.276922 0.154109 0.985545 -0.0239991 -0.0661415
348 8.26356 -2.49497 0.31535 0.149134 0.985733 -0.049527 -0.0603027
350 8.20242 -2.48309 0.333541 0.162831 0.98398 -0.0208214 -0.069541
351 8.20725 -2.46936 0.335854 0.162025 0.984123 -0.0208647 -0.0693919
352 8.33381 -2.40717 0.395258 0.146274 0.986079 -0.0275376 -0.0741171
354 8.39443 -2.32656 0.409027 0.132336 0.987154 -0.0341532 -0.0827508
355 8.39457 -2.32436 0.416528 0.132238 0.987201 -0.0341929 -0.0823245
356 8.39457 -2.32436 0.416528 0.132238 0.987201 -0.0341929 -0.0823245
357 8.39426 -2.32343 0.423911 0.132213 0.987239 -0.0342212 -0.0819063
358 8.32248 -2.32075 0.390776 0.130785 0.987379 -0.0343515 -0.0824457
359 8.32253 -2.31923 0.39697 0.130721 0.987416 -0.0343858 -0.0820918
360 8.32354 -2.3145 0.400045 0.13046 0.987465 -0.034408 -0.0819061
361 8.32376 -2.31406 0.398191 0.130429 0.987461 -0.0344006 -0.08201
362 8.32376 -2.31406 0.398191 0.130429 0.987461 -0.0344006 -0.08201
363 8.32365 -2.31435 0.398645 0.130447 0.987461 -0.0344021 -0.081985
364 8.29462 -2.3107 0.381896 0.128391 0.987591 -0.0354226 -0.0832142
365 8.28953 -2.30978 0.390491 0.127306 0.988026 -0.0349854 -0.0798405
366 8.28949 -2.30975 0.391267 0.127307 0.988029 -0.0349894 -0.0797965
367 8.28949 -2.30958 0.392099 0.1273 0.988033 -0.0349942 -0.0797488
368 8.28999 -2.30661 0.393997 0.12714 0.988063 -0.0350087 -0.0796334
369 8.28428 -2.31264 0.35956 0.122429 0.98827 -0.0311075 -0.0858218
370 8.26893 -2.31186 0.348962 0.120073 0.988512 -0.0321693 -0.0859702
371 8.27063 -2.30583 0.344899 0.119714 0.988537 -0.0321671 -0.0861879
372 8.30067 -2.3093 0.34217 0.119192 0.988669 -0.030233 -0.086095
373 8.29971 -2.31523 0.328594 0.119485 0.988569 -0.0301204 -0.0868753
374 8.28222 -2.3252 0.332643 0.121653 0.988675 -0.0290114 -0.0829461
375 8.24919 -2.33226 0.313463 0.121678 0.988582 -0.0284048 -0.0842223
376 8.24904 -2.33253 0.315006 0.121699 0.988587 -0.0284116 -0.0841347
377 8.24767 -2.33521 0.322671 0.121882 0.988601 -0.0284282 -0.0836998
378 8.13025 -2.35563 0.27648 0.119411 0.988043 -0.0287091 -0.0932042
379 8.29333 -2.37462 0.342263 0.118709 0.989433 -0.0271838 -0.0786893
380 6.8396 -2.40211 0.665051 0.125649 0.979941 0.152068 0.0283467
381 8.41951 -2.01921 1.62726 0.0769721 0.970468 -0.0709978 0.217315
383 6.92245 -2.47091 0.866876 0.137118 0.973291 0.182935 0.0209336
384 6.90375 -2.48398 0.879505 0.135631 0.971747 0.190678 0.0308835
385 8.85067 -2.24857 0.757694 0.108396 0.992716 -0.0461452 -0.0252311
386 8.80073 -2.28738 0.527899 0.111622 0.989774 -0.0336757 -0.0821791
387 8.79218 -2.29444 0.527099 0.111757 0.989877 -0.033581 -0.0807862
388 8.77957 -2.30306 0.522011 0.112316 0.989825 -0.0319088 -0.0813206
389 8.77957 -2.30306 0.522011 0.112316 0.989825 -0.0319088 -0.0813206
390 8.77968 -2.30296 0.520567 0.112306 0.98982 -0.0319033 -0.0813984
391 6.79579 -2.43571 0.874799 0.109007 0.976462 0.180013 0.047271
392 8.5017 -1.92254 1.96129 0.0562252 0.975494 -0.0333547 0.210092
393 8.76152 -2.31422 0.49934 0.114347 0.989314 -0.0302835 -0.0852358
394 8.76169 -2.31344 0.499846 0.114307 0.989321 -0.0302942 -0.0852073
395 8.7621 -2.31129 0.502496 0.114205 0.989343 -0.0303663 -0.0850657
396 8.76291 -2.30754 0.504182 0.11401 0.989372 -0.0304015 -0.084969
397 8.75197 -2.2929 0.507208 0.110725 0.989817 -0.0339337 -0.0827743
398 6.79267 -2.42743 0.857324 0.105803 0.977336 0.176165 0.0508433
399 6.8045 -2.43256 0.859113 0.109486 0.976857 0.177791 0.0464051
400 6.8287 -2.43802 0.872042 0.1177 0.975692 0.18147 0.0352095
401 8.52069 -1.96961 1.82572 0.0656141 0.977975 -0.0382674 0.194408
402 8.74259 -2.30777 0.501121 0.113201 0.989627 -0.0323162 -0.0823333
403 8.74239 -2.30787 0.50238 0.113204 0.989635 -0.0322721 -0.08226
404 8.73023 -2.30159 0.496098 0.1126 0.989587 -0.0326591 -0.0834962
405 6.77944 -2.42118 0.842688 0.103099 0.977592 0.176524 0.0502416
406 6.80739 -2.4329 0.837483 0.114982 0.976026 0.180963 0.0374867
407 8.4438 -1.98579 1.82785 0.0610836 0.976081 -0.0314313 0.206269
408 8.70661 -2.30629 0.483459 0.112178 0.989598 -0.0327468 -0.0838971
409 8.70797 -2.30093 0.484325 0.111886 0.989636 -0.0327638 -0.0838396
410 6.78488 -2.4419 0.840015 0.102325 0.976142 0.1855 0.0475944
411 6.78026 -2.42294 0.827462 0.10493 0.977205 0.176816 0.0528795
412 8.30875 -1.90629 1.95446 0.0461447 0.969526 -0.0326675 0.238374
414 8.67856 -2.29681 0.468719 0.109651 0.989737 -0.03178 -0.0859546
415 8.66397 -2.30926 0.45619 0.112417 0.989282 -0.0309201 -0.0879001
416 6.77499 -2.3941 0.807259 0.102333 0.979585 0.164801 0.0527516
417 8.62849 -2.0017 1.32958 0.0651323 0.99071 -0.0508367 0.108017
420 6.75946 -2.37756 0.79533 0.0990227 0.980984 0.159248 0.0500579
421 6.76443 -2.41032 0.794554 0.0985498 0.978744 0.173619 0.0469452
422 8.14239 -1.91925 2.0642 0.0320504 0.9629 -0.0120687 0.267678
424 6.76287 -2.38986 0.791128 0.0977884 0.980472 0.164704 0.0445531
425 6.74972 -2.39164 0.792931 0.0969238 0.980789 0.1663 0.0316596
426 6.74927 -2.41048 0.862101 0.0966257 0.978797 0.179481 0.0201764
431 6.83736 -2.61702 1.28278 0.126368 0.967495 0.216305 0.0346065
434 9.47845 -2.02483 0.837281 0.0829883 0.992292 -0.042744 -0.0814981
435 6.85529 -2.66252 1.36053 0.0932829 0.964281 0.2479 -0.00241299
438 9.51332 -2.15377 0.882534 0.0912066 0.993443 -0.0330177 -0.0605177
439 9.5143 -2.1336 0.913765 0.0902888 0.993617 -0.0332089 -0.058913
440 9.51611 -2.11056 0.936282 0.0892082 0.993778 -0.033354 -0.0577415
441 9.51308 -2.11305 0.959561 0.0894099 0.993823 -0.0334686 -0.0565781
442 9.41634 -2.14079 0.816604 0.0924835 0.992465 -0.0348991 -0.0724042
443 9.41419 -2.14977 0.818985 0.0929456 0.99243 -0.0348681 -0.0722984
444 9.41435 -2.14988 0.817006 0.0929444 0.992424 -0.0348577 -0.0723988
445 6.83508 -2.56141 1.2903 0.0902155 0.971737 0.217494 0.0168902
447 9.30068 -2.12537 0.733799 0.0870438 0.992034 -0.0370411 -0.083187
448 9.31165 -2.10479 0.745943 0.0826472 0.992499 -0.0361866 -0.0824985
449 9.31322 -2.09892 0.743851 0.0823588 0.992509 -0.0363142 -0.082611
450 9.31389 -2.09172 0.751063 0.082033 0.992561 -0.0364581 -0.0822407
451 9.31313 -2.09036 0.762894 0.0820034 0.992612 -0.0365204 -0.081632
452 9.3129 -2.08922 0.76818 0.0819628 0.992636 -0.0365515 -0.0813592
579 7.29647 -2.38803 1.55346 0.148955 0.728699 -0.0889726 0.66249
581 7.17166 -2.24876 1.66455 0.156344 0.691038 -0.093874 0.699436
582 7.07883 -2.1563 0.430811 0.16164 0.730376 -0.0519896 0.661605
583 7.04737 -2.22031 0.496909 0.139637 0.755878 -0.0143193 0.639488
585 7.1489 -2.17009 1.85513 0.16891 0.7336 -0.045181 0.656703
586 6.80256 -2.11961 0.35283 0.0967155 0.767808 0.0284017 0.632701
588 6.8509 -2.06395 0.232706 0.112059 0.782049 0.0118998 0.612945
594 6.83004 -2.0973 0.371427 0.0931359 0.546767 -0.0337909 0.831402
595 7.96597 -2.54756 2.72535 0.192276 0.848707 -0.0339712 0.491501
598 6.83454 -2.13969 0.699002 0.124034 0.649093 -0.00584919 0.750506
599 7.90109 -2.55895 2.74216 0.19084 0.842032 -0.0297272 0.503665
600 7.3919 -2.24205 1.29825 0.196078 0.880753 -0.00757861 0.43101
601 7.39305 -2.24075 1.2926 0.196031 0.880922 -0.00751532 0.430688
602 7.3952 -2.23907 1.27996 0.195999 0.881282 -0.00741182 0.429966
603 7.75994 -2.4635 2.71915 0.188983 0.825834 -0.0427544 0.52958
604 7.31416 -2.18595 1.2425 0.195497 0.867108 -0.019961 0.457719
605 7.65582 -2.42059 2.71495 0.19119 0.812308 -0.0479525 0.54891
606 6.81176 -2.09794 0.519086 0.104409 0.617316 -0.0242973 0.779378
607 6.80483 -2.0926 0.518606 0.108098 0.616269 -0.0205293 0.779811
609 6.80396 -2.06417 0.470685 0.108041 0.596042 -0.0314996 0.795027
610 4.50567 -1.56476 4.21458 0.127603 0.599958 -0.0562141 0.787786
611 4.50567 -1.56476 4.21458 0.127603 0.599958 -0.0562141 0.787786
612 4.50567 -1.56476 4.21458 0.127603 0.599958 -0.0562141 0.787786
614 7.74118 -2.50612 2.75327 0.218933 0.818196 -0.0452605 0.529693
615 7.32418 -2.14273 1.27617 0.216619 0.861744 -0.033598 0.457542
616 7.73139 -2.41908 2.79074 0.204934 0.81737 -0.05789 0.53531
617 7.732 -2.42016 2.79326 0.205009 0.817291 -0.0576177 0.535432
618 7.732 -2.42016 2.79326 0.205009 0.817291 -0.0576177 0.535432
619 7.73446 -2.4205 2.7921 0.20505 0.817354 -0.0572689 0.535357
622 7.76638 -2.67922 2.75893 0.241082 0.821027 -0.0134338 0.517314
625 7.72944 -2.88032 2.72916 0.265745 0.815756 0.0261248 0.513069
626 7.33895 -2.21176 1.32373 0.240831 0.864135 0.00171604 0.441892
627 7.84522 -2.54306 2.87122 0.213285 0.831727 -0.0386615 0.511122
630 6.78989 -2.12428 0.688166 0.113662 0.654426 -0.0026715 0.747529
631 6.77747 -2.1056 0.532588 0.100621 0.60432 -0.0146867 0.790226
632 7.8035 -2.47125 2.84673 0.185626 0.829996 -0.0384358 0.524568
633 7.31777 -2.19558 1.32334 0.195559 0.870715 -0.00800709 0.451163
634 6.77288 -2.08235 0.550392 0.102724 0.607153 -0.023058 0.787579
636 7.51771 -2.76019 -1.82405 0.793593 -0.242556 -0.55795 0.00828191
638 7.79453 -2.5188 2.80567 0.220221 0.823888 -0.0435671 0.520397
639 7.71726 -2.43881 2.75575 0.192699 0.81998 -0.0417546 0.537361
641 6.93405 -2.05033 0.460754 0.130291 0.577788 -0.0668361 0.802943
642 6.97693 -2.14617 0.452971 0.116973 0.618979 -0.0445486 0.77537
643 7.05366 -2.21824 0.472363 0.120616 0.665253 -0.0291418 0.736235
645 7.22658 -2.273 0.440846 0.144544 0.665853 -0.0617846 0.729335
662 7.21426 -2.26992 0.404817 0.14856 0.724522 -0.0699201 0.66941
663 7.29026 -2.32506 1.54016 0.154651 0.713818 -0.0798175 0.678363
664 7.15414 -2.2269 0.406664 0.139757 0.71016 -0.0669022 0.686778
666 7.09379 -2.27312 0.483253 0.120701 0.737784 -0.0235647 0.66374
667 7.2162 -2.30929 1.70378 0.150159 0.710663 -0.0651888 0.684223
668 7.22555 -2.28024 1.72676 0.144916 0.714005 -0.0718493 0.681201
669 7.22536 -2.27734 1.73209 0.14474 0.713799 -0.0717639 0.681463
670 7.22892 -2.26998 1.72969 0.146844 0.71439 -0.074214 0.68013
671 7.08094 -2.22779 0.396065 0.118642 0.699617 -0.0418876 0.703353
672 7.07492 -2.21523 0.398134 0.121305 0.707803 -0.0424524 0.69462
673 7.05343 -2.21364 0.39671 0.115498 0.712856 -0.0381023 0.690684
675 7.25464 -2.24061 1.79675 0.147882 0.730707 -0.0751264 0.662234
676 7.25291 -2.24446 1.80418 0.147715 0.731724 -0.071859 0.661511
677 7.26183 -2.2408 1.80503 0.14675 0.733171 -0.0730685 0.659989
680 7.26226 -2.24609 1.78527 0.147134 0.730664 -0.0748999 0.662474
681 7.04587 -2.18143 0.401154 0.121949 0.714269 -0.0485904 0.68745
682 7.05098 -2.17549 0.358106 0.119243 0.700674 -0.0521537 0.701511
683 7.26982 -2.2357 1.78013 0.145055 0.733672 -0.0769095 0.65937
685 7.28027 -2.23616 1.77948 0.144297 0.736922 -0.0760514 0.656004
686 7.26863 -2.24687 1.78801 0.146496 0.736331 -0.0708297 0.656764
687 7.02789 -2.16269 0.347102 0.120003 0.716877 -0.0489673 0.685046
688 6.84084 -2.18196 1.68331 0.110599 0.652759 -0.0586716 0.747149
689 7.00277 -2.16874 0.330003 0.110265 0.72028 -0.0519643 0.682889
690 6.82551 -2.15036 1.6851 0.0993059 0.655417 -0.0606703 0.746248
691 6.82517 -2.15002 1.68696 0.0992787 0.655324 -0.0606669 0.746333
692 6.98146 -2.16985 0.281524 0.0992544 0.706683 -0.0534861 0.698489
693 6.96928 -2.15969 0.307872 0.104296 0.711588 -0.0472333 0.693206
694 6.95583 -2.16473 0.320358 0.096929 0.717327 -0.0407219 0.688759
695 6.96707 -2.16977 0.296914 0.0961473 0.698512 -0.0454603 0.707651
696 7.24472 -2.19179 1.90497 0.142638 0.740374 -0.0778693 0.652255
697 7.21684 -2.19859 1.92572 0.14342 0.734738 -0.0758185 0.658667
698 6.95292 -2.19075 0.347338 0.0934391 0.690353 -0.0356652 0.716527
699 6.75893 -2.23315 1.57029 0.0914779 0.596243 -0.0338088 0.796858
700 7.67719 -2.37009 0.559706 0.20673 0.566535 0.0758017 0.794075
701 7.21597 -2.44369 0.922883 0.186963 0.554475 0.0476268 0.809527
702 7.21597 -2.44369 0.922883 0.186963 0.554475 0.0476268 0.809527
704 7.22367 -2.19699 1.91578 0.143937 0.733364 -0.0760734 0.660055
706 7.23752 -2.18187 1.92084 0.142723 0.736571 -0.079795 0.656297
707 7.22937 -2.17958 1.92821 0.140164 0.736371 -0.0785369 0.657224
708 6.96911 -2.15946 0.295702 0.0948202 0.680639 -0.0461667 0.724989
709 6.65615 -2.19387 1.43259 0.0773515 0.553383 -0.0358491 0.828552
711 7.21225 -2.18687 1.93656 0.143287 0.734655 -0.0749052 0.658893
712 7.20629 -2.16877 1.94135 0.14051 0.732295 -0.0796472 0.661557
713 7.19566 -2.19682 1.9408 0.143764 0.730243 -0.0727582 0.663916
714 7.19089 -2.19659 1.94047 0.142636 0.729362 -0.0723154 0.665174
715 7.19081 -2.19851 1.93822 0.142738 0.729442 -0.0723937 0.665056
716 7.21467 -2.18491 1.92939 0.141557 0.732674 -0.0777363 0.661142
717 7.21539 -2.18593 1.92502 0.141618 0.732853 -0.0777614 0.660926
718 7.21476 -2.18999 1.91591 0.142444 0.732516 -0.0767868 0.661236
719 7.21587 -2.18851 1.91303 0.14238 0.732656 -0.0767043 0.661105
720 6.98287 -2.1339 0.326352 0.108012 0.691335 -0.0580522 0.712053
721 7.21898 -2.19085 1.90389 0.140436 0.73392 -0.0768871 0.660097
722 7.21924 -2.19076 1.90286 0.140432 0.733967 -0.0768832 0.660046
723 7.227 -2.18786 1.9048 0.139408 0.735171 -0.0780407 0.658786
724 7.22171 -2.1822 1.92208 0.139117 0.732062 -0.0815849 0.661873
725 6.96794 -2.20729 0.33988 0.0909399 0.669309 -0.0491248 0.73576
726 6.81011 -2.20414 1.56537 0.0800022 0.606769 -0.0584247 0.788681
727 7.04232 -2.23569 1.96296 0.126566 0.698592 -0.0659924 0.701139
728 6.9817 -2.12674 0.430728 0.136792 0.677946 -0.0745044 0.718419
729 7.15219 -2.25546 2.05717 0.132895 0.724365 -0.0706248 0.67279
730 6.98028 -2.20749 0.368408 0.102679 0.635166 -0.0584376 0.763287
731 6.85581 -2.2194 1.38125 0.0939959 0.582009 -0.0656807 0.805057
732 6.85581 -2.2194 1.38125 0.0939959 0.582009 -0.0656807 0.805057
733 7.65832 -2.36914 0.565644 0.127203 0.575619 -0.0215273 0.807477
734 7.68277 -2.34465 0.418754 0.0983149 0.425139 -0.0344232 0.899114
735 7.39239 -2.27125 0.553893 0.0687297 0.423945 -0.0513597 0.901615
736 7.05941 -2.28191 2.0471 0.138358 0.708573 -0.0557088 0.689695
737 6.94946 -2.18952 0.396836 0.113967 0.641227 -0.0570433 0.756694
738 6.80633 -2.21466 1.46036 0.105416 0.585352 -0.064869 0.801276
740 6.91982 -2.23037 0.40849 0.1272 0.654959 -0.0554385 0.742816
741 6.90684 -2.31829 0.408182 0.102303 0.619995 -0.0367958 0.777037
742 6.89946 -2.30051 0.440494 0.111496 0.646512 -0.0432421 0.753472
743 6.90124 -2.30649 0.433231 0.100187 0.620133 -0.0466421 0.776674
744 6.89809 -2.25682 0.415628 0.112583 0.642277 -0.0472404 0.756686
746 6.87434 -2.24152 0.458495 0.112038 0.654584 -0.043063 0.7464
747 6.8621 -2.23301 0.440655 0.113177 0.655086 -0.0415187 0.745875
748 6.85246 -2.23716 0.424302 0.104629 0.650644 -0.0393325 0.751111
750 6.83181 -2.21007 0.418073 0.105462 0.636681 -0.0412605 0.762766
752 7.55797 -2.37182 2.54534 0.1703 0.810892 -0.0728398 0.555109
754 7.57422 -2.35077 2.5806 0.168147 0.813253 -0.0737215 0.552187
759 7.05244 -3.31829 2.16228 -0.0346807 0.694448 0.250567 0.673614
761 6.79603 -2.1956 0.346858 0.088974 0.647759 -0.0404826 0.755548
766 6.77812 -1.9962 2.02323 0.144644 0.646499 -0.123454 0.738835
767 6.85336 -2.22986 0.391404 0.0998786 0.674419 -0.0354174 0.730704
768 6.93919 -2.23837 2.07701 0.13501 0.693051 -0.0697298 0.704692
769 6.8724 -2.23917 0.370052 0.10019 0.673017 -0.0359605 0.731927
770 7.00433 -2.24273 2.05128 0.140254 0.70222 -0.0756017 0.693902
772 7.12275 -2.25488 2.02427 0.147311 0.726579 -0.0802245 0.666294
773 6.90491 -2.24212 0.355166 0.10625 0.694956 -0.0400251 0.710032
774 6.91635 -2.22387 0.350605 0.11639 0.6944 -0.0457842 0.708636
775 7.15375 -2.28478 1.96876 0.146987 0.730938 -0.0765851 0.662011
776 6.9182 -2.2626 0.381422 0.112358 0.707664 -0.0322409 0.696813
777 7.15147 -2.30688 1.94217 0.149865 0.728903 -0.0727565 0.664039
778 7.15803 -2.29824 1.94677 0.151193 0.728912 -0.0768904 0.663261
779 7.15465 -2.30082 1.95825 0.151277 0.728383 -0.0770696 0.663802
780 7.15476 -2.31087 1.94354 0.149399 0.729967 -0.0715813 0.663102
781 7.15443 -2.30032 1.94673 0.146655 0.730779 -0.0748664 0.662457
782 7.1689 -2.29115 1.9407 0.145315 0.734209 -0.0766874 0.658741
783 7.15718 -2.28752 1.94297 0.145988 0.732365 -0.0768835 0.66062
784 7.16788 -2.28773 1.96093 0.147784 0.733334 -0.0772171 0.659104
785 6.92099 -2.22406 0.351576 0.119526 0.694344 -0.0444955 0.708251
786 6.81418 -2.26167 1.69248 0.103899 0.6273 -0.0590298 0.769555
787 7.05138 -2.24409 2.01559 0.134031 0.70863 -0.0840129 0.68762
788 7.04563 -2.24866 2.03284 0.134227 0.707785 -0.084285 0.688419
789 6.98705 -2.29834 2.02913 0.13126 0.699172 -0.065755 0.699718
790 6.8952 -2.24448 0.401912 0.112318 0.677361 -0.0461935 0.725557
791 6.97389 -2.33062 2.04472 0.136506 0.698509 -0.0553733 0.700275
792 7.02062 -2.2711 2.04372 0.144051 0.70591 -0.0741508 0.689524
794 7.01272 -2.243 2.05429 0.14446 0.704545 -0.0770921 0.69051
795 7.06797 -2.26366 2.06901 0.148916 0.720114 -0.0725282 0.673795
796 7.05058 -2.25779 2.15029 0.14788 0.716567 -0.0734451 0.677694
797 6.95275 -2.23022 2.1024 0.13881 0.69693 -0.0709532 0.699991
798 6.82415 -2.19063 0.39083 0.115968 0.685124 -0.0373259 0.718167
816 6.68105 -2.3619 0.837974 0.116404 0.937186 0.241045 -0.223674
817 6.66118 -2.36592 0.812519 0.159039 0.960498 0.182986 -0.136623
818 6.5683 -2.37364 0.828814 0.152287 0.9648 0.195273 -0.0885265
819 6.49108 -2.35056 0.865182 0.148438 0.968249 0.196007 -0.0451741
820 6.48571 -2.32388 0.884518 0.150389 0.969976 0.189134 -0.0275281
822 4.98194 -1.8486 -0.713282 -0.120437 0.311819 -0.067349 0.940068
823 4.97974 -1.84976 -0.726515 -0.120143 0.312956 -0.0672515 0.939735
824 4.97655 -1.8408 -0.77673 -0.119355 0.317083 -0.0656312 0.938566
825 4.96449 -1.85294 -0.829587 -0.117934 0.321708 -0.0659351 0.937149
826 4.94923 -1.86716 -0.894379 -0.116218 0.327376 -0.0662646 0.935375
827 4.92439 -1.88242 -1.00591 -0.113525 0.337035 -0.0660301 0.932287
828 4.90232 -1.8955 -1.09352 -0.111374 0.344659 -0.0659963 0.929758
829 4.87566 -1.91188 -1.18607 -0.109035 0.352784 -0.0662533 0.926966
830 4.84604 -1.92954 -1.27342 -0.106823 0.360569 -0.0667899 0.924185
831 5.99468 -1.94901 0.765203 0.0808401 0.986688 0.0557804 0.129612
832 6.11659 -2.16997 0.758531 0.0967864 0.979312 0.171464 0.0467048
833 6.11406 -2.17247 0.757157 0.0970266 0.979292 0.171457 0.0466452
834 6.08542 -2.16825 0.75576 0.0934651 0.978852 0.171477 0.060901
835 7.76679 -1.92048 0.500692 0.063758 0.994784 -0.0385461 -0.0696741
836 6.09943 -2.1493 0.75804 0.0941237 0.980765 0.162405 0.0535227
837 6.09932 -2.14927 0.751877 0.0942082 0.98078 0.162422 0.0530545
838 6.10694 -2.14278 0.742258 0.0975612 0.981312 0.157484 0.0520357
839 7.75531 -1.96221 0.389068 0.0689717 0.992104 -0.0329488 -0.0994285
840 6.11493 -2.1333 0.713224 0.0964174 0.982403 0.148031 0.0606229
841 6.09854 -2.1337 0.660279 0.0950425 0.982702 0.147362 0.0595706
842 6.10332 -2.12096 0.660197 0.0940714 0.984108 0.139315 0.0572082
843 6.09805 -2.13288 0.651736 0.0957778 0.982765 0.14632 0.0599087
844 6.10918 -2.1253 0.631875 0.0934052 0.984202 0.143135 0.0462036
845 6.09894 -2.10786 0.610509 0.0949031 0.985076 0.13309 0.053913
846 7.46678 -1.99009 0.277894 0.0674475 0.991115 -0.0324459 -0.109949
847 7.38811 -1.99495 0.276944 0.0683726 0.991748 -0.0336598 -0.103095
848 7.32909 -2.00238 0.266291 0.0680635 0.992058 -0.0338445 -0.10021
849 7.30985 -2.01618 0.226044 0.069705 0.990693 -0.0347785 -0.111624
850 7.31851 -2.03045 0.194596 0.0678105 0.9896 -0.0284199 -0.123639
851 7.31799 -2.03157 0.201321 0.067904 0.989646 -0.0284486 -0.123209
852 7.36632 -2.01932 0.268311 0.0638193 0.991916 -0.0325418 -0.104743
853 7.48493 -2.0015 0.354748 0.0606631 0.993596 -0.037221 -0.0877574
854 7.61974 -1.98878 0.40147 0.0595746 0.993782 -0.0385249 -0.085814
855 6.01638 -2.15886 0.733948 0.092522 0.980753 0.140374 0.0992895
856 7.93085 -1.95969 0.490117 0.0570133 0.993665 -0.0381021 -0.0890384
857 8.06431 -1.92158 0.588005 0.0583137 0.994593 -0.039631 -0.0762444
858 6.06463 -2.20629 0.999788 0.100381 0.978833 0.166375 0.0642613
859 8.09896 -1.91486 0.909098 0.0790528 0.995803 -0.0443901 -0.0124731
860 6.10278 -2.30365 1.05847 0.11215 0.970713 0.210362 0.0297687
861 6.11144 -2.25956 1.08236 0.112161 0.974184 0.193119 0.0330371
862 6.10305 -2.26532 1.09773 0.111281 0.972994 0.20009 0.0293874
863 8.17466 -1.9388 1.03455 0.0933646 0.994705 -0.0428175 0.0032664
864 6.09599 -2.33901 1.11757 0.114544 0.967898 0.219937 0.040989
872 6.30141 -2.22737 4.54369 0.0364293 0.0779335 -0.0345591 0.995693
873 6.30138 -2.22736 4.54374 0.0364286 0.0779299 -0.0345591 0.995694
875 11.8213 -2.33882 -2.14526 0.043505 -0.668722 -0.0192466 0.741989
876 11.8212 -2.33851 -2.14576 0.0435067 -0.668704 -0.0192298 0.742006
877 -7.90584 3.35404 -9.1559 0.222028 0.326474 -0.126964 0.909944
878 9.03791 -1.67909 4.3767 -0.0743361 -0.0117794 0.99432 0.075252
879 5.67189 -2.26096 1.35813 0.0901608 0.224616 -0.0854308 0.966499
880 5.76621 -2.63431 1.37071 0.0503372 0.209895 -0.0804362 0.973109
881 5.75738 -2.59827 1.46316 0.0486776 0.202885 -0.0777867 0.974894
882 5.75686 -2.59643 1.46772 0.0485939 0.202533 -0.0776531 0.974982
883 6.22486 -2.22317 4.391 0.0111114 0.0456054 -0.0178799 0.998738
884 6.22485 -2.22316 4.39103 0.0111108 0.045603 -0.017879 0.998738
885 6.22483 -2.22314 4.39107 0.0111101 0.0456002 -0.0178779 0.998738
886 6.22481 -2.22312 4.3911 0.0111095 0.0455978 -0.017877 0.998738
887 6.22042 -2.21929 4.39807 0.0109788 0.0450611 -0.0176667 0.998768
888 6.2204 -2.21927 4.3981 0.0109782 0.0450583 -0.0176656 0.998768
889 -0.0785067 -1.86287 3.97537 -0.063017 0.163493 -0.100275 0.97941
890 2.80629 -2.49229 2.24087 0.0199559 0.4746 -0.108086 0.873312
891 -0.138692 -2.30497 4.15301 -0.0755074 0.173877 -0.0652728 0.979696
892 -0.159278 -2.53919 4.21405 -0.0797807 0.173549 -0.0506628 0.98028
893 -0.0926191 -2.50489 4.23351 -0.0838773 0.182621 -0.053287 0.978149
894 -0.0691872 -2.49204 4.24045 -0.0853624 0.185898 -0.0542361 0.97735
895 5.23851 -2.77651 1.7106 0.02384 0.232791 -0.050554 0.970919
896 5.22206 -2.75975 1.78144 0.0232081 0.226596 -0.0492248 0.972467
897 5.22206 -2.75975 1.78144 0.0232081 0.226596 -0.0492248 0.972467
898 5.40769 -2.65496 1.47425 0.0376713 0.212063 -0.0393679 0.975736
899 5.40417 -2.65062 1.49423 0.0373796 0.21043 -0.0390661 0.976113
900 5.41705 -2.61778 1.44177 0.0364887 0.2112 -0.0406066 0.975917
901 5.41659 -2.61719 1.44443 0.0364508 0.210981 -0.0405649 0.975968
902 6.06923 -2.15908 4.5452 0.0124308 0.0817589 -0.0154269 0.996455
903 5.99221 -2.12839 4.6442 0.0111909 0.0735879 -0.0138895 0.997129
904 5.99216 -2.12837 4.64426 0.0111902 0.073583 -0.0138885 0.99713
913 5.4269 -2.24078 1.01589 -0.0305794 0.374739 -0.0973711 0.921496
914 5.50985 -2.31256 1.08856 -0.0466706 0.376972 -0.113089 0.91811
915 5.51353 -2.32931 1.03083 -0.0551133 0.384265 -0.11949 0.913797
916 5.89998 -2.20664 0.691231 -0.0525315 0.298389 -0.121719 0.945193
918 5.67874 -3.06957 0.806316 -0.158805 0.230205 -0.0928551 0.955596
933 5.57562 -2.23762 0.746921 -0.0464813 0.116322 -0.0661845 0.989913
934 5.57202 -2.10607 0.732167 -0.0180411 0.117049 -0.0904597 0.988833
945 5.04521 -1.98936 0.694935 0.0464792 0.70248 -0.0722473 0.7065
953 4.76584 -1.90682 -0.837911 -0.0395714 -0.0787972 -0.0502288 0.994838
956 4.70132 -1.95355 0.0101217 -0.0332762 0.0154089 -0.0203999 0.999119
962 4.72869 -2.44202 -1.08354 -0.125852 -0.0740858 -0.0182963 0.98911
963 4.47042 -2.29802 -2.12879 -0.0957447 0.0201777 -0.00324804 0.995196
964 4.47042 -2.29802 -2.12879 -0.0957447 0.0201777 -0.00324804 0.995196
965 4.71334 -2.47162 -1.06451 -0.133364 -0.0691523 -0.0240541 0.988359
967 4.693 -1.8242 1.12904 -0.0271875 0.606997 -0.0679851 0.791324
969 6.80856 -1.26941 7.50077 0.11909 0.828156 -0.0767846 0.54229
970 4.58009 -0.613243 7.0563 0.0714447 0.701069 -0.0868909 0.704165
971 4.58446 -0.615093 7.05307 0.0715232 0.701303 -0.0868801 0.703925
972 4.77646 -0.675599 6.91164 0.07363 0.711382 -0.0861309 0.693611
975 4.65775 -2.47634 -1.31144 -0.131669 -0.0907086 -0.018074 0.986969
976 4.64183 -2.84261 -2.76537 -0.159248 -0.162306 -0.018341 0.973633
977 4.80775 -1.78722 0.526484 -0.00756 0.615489 -0.0615965 0.785699
978 4.69334 -1.83307 0.744015 -0.00922248 0.638149 -0.0418672 0.768718
979 3.71526 -1.31085 3.24548 -0.070855 0.418467 -0.0727428 0.902537
980 3.70839 -1.30682 3.25452 -0.0710647 0.417389 -0.0725386 0.903036
982 4.67642 -1.84232 0.734773 -0.0148823 0.642654 -0.0315706 0.765361
983 4.66539 -1.83848 0.805409 -0.0158588 0.637327 -0.0324855 0.769745
984 3.67404 -1.3355 3.2612 -0.077432 0.420588 -0.0657767 0.901545
985 3.59902 -1.31791 3.35018 -0.0789277 0.41035 -0.0674849 0.905996
986 4.62229 -2.46282 -1.36962 -0.129838 -0.0924956 -0.00670581 0.987189
988 4.53306 -2.00117 0.79895 -0.0324395 0.644981 -0.00685222 0.763479
990 4.55797 -2.30953 -0.763621 -0.110767 -0.0468406 -0.001071 0.992741
991 4.5628 -2.30547 -0.742992 -0.11158 -0.0487031 -0.000682177 0.992561
992 4.5628 -2.30547 -0.742983 -0.11158 -0.0487039 -0.000682155 0.992561
993 4.20391 -2.13865 1.21143 -0.0494887 0.676068 -0.00938829 0.735115
997 6.84275 -1.29726 7.69126 0.128888 0.827084 -0.0696963 0.542644
998 8.15106 -2.36909 3.69647 0.188426 0.929183 -0.0625094 0.31178
1000 6.48118 -1.12581 6.97243 0.126932 0.780085 -0.0951142 0.605234
1001 6.80271 -1.27609 7.69034 0.127518 0.82527 -0.0686296 0.545856
1002 6.8041 -1.27414 7.68956 0.127407 0.825317 -0.0686027 0.545813
1003 4.56131 -1.78698 0.852773 -0.0175785 0.652437 -0.0336397 0.756892
1006 4.57657 -2.24388 -0.688238 -0.104711 -0.0410591 -0.00810911 0.993622
1009 6.78085 -1.27525 7.65744 0.126279 0.825219 -0.0696528 0.546091
1010 6.78301 -1.27411 7.65338 0.12618 0.825376 -0.0695319 0.545893
1011 6.78255 -1.26707 7.6542 0.125834 0.825382 -0.0695105 0.545966
1013 6.89099 -1.27016 7.55962 0.126081 0.830542 -0.0709569 0.537836
1016 4.67948 -1.82849 0.695271 -0.0204126 0.638173 -0.0401464 0.768575
1018 4.55344 -1.86851 0.827103 -0.0232129 0.656472 -0.0300305 0.753395
1021 8.08471 -2.03097 3.97107 0.150549 0.909943 -0.132659 0.362961
1022 5.80689 -1.65519 5.82779 0.129169 0.981241 0.0394851 0.137558
1023 4.64735 -2.43261 -1.25564 -0.129105 -0.0831249 -0.0168158 0.987998
1024 4.64875 -2.43359 -1.24772 -0.129261 -0.0838636 -0.0169619 0.987912
1025 4.64768 -2.4334 -1.25253 -0.129145 -0.0834217 -0.016926 0.987966
1026 4.64768 -2.4334 -1.25253 -0.129145 -0.0834217 -0.016926 0.987966
1027 4.61864 -2.4257 -1.31839 -0.127978 -0.0868611 -0.0149558 0.987853
1028 4.59441 -2.4693 -1.31763 -0.132905 -0.0855365 -0.0113312 0.987366
1029 4.55647 -2.48645 -1.42342 -0.12908 -0.0760207 -0.0134381 0.988625
1031 4.65218 -2.47396 -1.35344 -0.134598 -0.0923257 -0.0101798 0.986537
1032 4.65494 -2.46703 -1.35656 -0.134808 -0.091963 -0.00929539 0.986551
1033 4.62862 -1.8102 0.681519 -0.0212574 0.642973 -0.0402454 0.764536
1034 4.62933 -1.80711 0.685082 -0.0215621 0.642721 -0.0401245 0.764745
1035 3.65975 -1.25432 3.2103 -0.0865385 0.418056 -0.0732033 0.901322
1037 4.61609 -2.43834 -1.34995 -0.133052 -0.0876803 -0.0101089 0.987171
1038 4.6131 -2.44324 -1.35169 -0.132893 -0.087526 -0.0106868 0.9872
1039 4.66292 -1.81499 0.704718 -0.0165508 0.642247 -0.0410263 0.76522
1040 4.65983 -1.82288 0.70515 -0.015839 0.642158 -0.0414574 0.765286
1041 4.45777 -1.66098 1.7303 -0.0427902 0.563762 -0.0576264 0.822813
1044 8.13464 -2.33339 3.72709 0.177258 0.927979 -0.0727605 0.319593
1046 6.45918 -1.19538 6.93039 0.126297 0.780456 -0.0923251 0.605321
1047 6.78042 -1.2831 7.60651 0.120372 0.826128 -0.0707792 0.545906
1050 4.65401 -2.24058 -0.58303 -0.103033 -0.0352517 -0.0147793 0.993943
1052 4.67832 -2.4099 -1.2952 -0.128041 -0.0891761 -0.0187125 0.987574
1053 4.62404 -1.90743 0.823671 -0.0197094 0.650297 -0.0366148 0.758541
1054 4.71741 -1.83672 0.714104 -0.0152159 0.639586 -0.0488511 0.767015
1055 4.71749 -1.83625 0.714756 -0.0152701 0.639542 -0.0488435 0.767051
1056 3.76693 -1.27878 3.2275 -0.0777938 0.42021 -0.0785897 0.900664
1057 3.76625 -1.27835 3.22849 -0.0778289 0.420102 -0.0785939 0.900711
1059 4.66294 -2.20919 0.152748 -0.100647 0.0485915 -0.00559192 0.993719
1060 4.65672 -2.35932 -0.709309 -0.12982 -0.0185411 -0.0127066 0.991283
1061 4.82562 -2.84491 -2.3684 -0.168809 -0.134503 -0.01023 0.976375
1062 4.7011 -2.79347 -2.80573 -0.163853 -0.168947 -0.0246777 0.971597
1063 4.74618 -1.81927 0.673575 -0.0154921 0.634185 -0.0562064 0.77098
1066 4.66255 -1.88256 0.837139 0.000591878 0.62003 -0.0290125 0.784042
1067 4.65433 -1.90191 0.840275 0.00224864 0.619606 -0.0301599 0.78433
1069 4.64592 -1.82382 0.87642 0.017017 0.641368 -0.0226616 0.76671
1070 4.64669 -1.82405 0.872328 0.0170559 0.641688 -0.0226438 0.766442
1071 4.63433 -1.8209 0.938208 0.0159921 0.636776 -0.02354 0.770524
1075 8.96179 -3.99837 0.462988 -0.222471 -0.350721 0.0693373 0.907025
1076 4.62026 -2.12206 -0.651844 -0.0827276 -0.042746 -0.0240784 0.995364
1078 4.80976 -1.78448 0.717923 0.00624122 0.627724 -0.0525785 0.776633
1079 4.80402 -1.79294 0.734198 0.00678204 0.626458 -0.0533282 0.777599
1081 4.70833 -1.83241 0.822193 0.00349986 0.642438 -0.0448204 0.765018
1084 6.47455 -1.41605 6.83133 0.131667 0.780846 -0.0868527 0.604483
1086 6.77836 -1.42333 7.56978 0.125075 0.825806 -0.0700881 0.545425
1088 4.69996 -1.89176 0.803005 -0.0104239 0.650182 -0.039086 0.758701
1090 4.77345 -1.76376 0.677052 4.91788e-05 0.63659 -0.0544574 0.769278
1091 4.77296 -1.76333 0.681392 -3.295e-05 0.636273 -0.0545072 0.769536
1092 4.7761 -1.76144 0.665213 7.55647e-06 0.637467 -0.0540834 0.768577
1093 3.83254 -1.24933 3.19344 -0.0585598 0.418522 -0.0824983 0.902554
1094 4.73765 -1.78303 0.722715 -0.000167783 0.645467 -0.0456559 0.762422
1096 4.63243 -2.12955 -0.579326 -0.0943512 -0.0341478 -0.0268979 0.99459
1097 4.84793 -2.72269 -2.63494 -0.154672 -0.164513 -0.0263594 0.973816
1101 6.73436 -1.35778 7.46354 0.120071 0.82642 -0.0664364 0.546077
1102 6.71856 -1.39436 7.45502 0.121259 0.8264 -0.0624933 0.54631
1103 5.73503 -1.73726 5.80312 0.121754 0.981933 0.0485249 0.13649
1104 6.3179 -1.24089 7.87666 0.156424 0.98759 0.0128129 0.00578396
1107 4.75972 -1.76495 0.702519 0.00216339 0.650794 -0.0457802 0.75787
1108 3.95246 -1.32711 3.01401 -0.0534881 0.457775 -0.0772521 0.884089
1111 4.22332 -1.96495 1.37678 -0.0407182 0.402413 -0.0553841 0.912874
1114 4.86801 -1.75039 0.716442 -0.0083131 0.393001 -0.0962343 0.914451
1115 4.86801 -1.75039 0.716442 -0.0083131 0.393001 -0.0962343 0.914451
1116 4.29462 -2.16268 1.33904 -0.0359781 0.474427 -0.0580937 0.877638
1117 4.2875 -2.15227 1.37555 -0.036863 0.470978 -0.0577768 0.879479
1118 4.2866 -2.15193 1.37882 -0.0369214 0.47068 -0.0578171 0.879633
1119 4.85052 -1.74364 5.17314 -0.00766112 0.548681 -0.0466164 0.834696
1120 4.30244 -2.27638 1.23909 -0.0515377 0.464483 -0.061188 0.881961
1127 5.02772 -1.76122 0.487114 0.0161607 0.558161 -0.0971675 0.823865
1129 4.33089 -2.29808 -3.81048 -0.117281 -0.238683 -0.0894416 0.959831
1130 4.62169 -2.26131 -3.4443 -0.122741 -0.273447 -0.0779872 0.950831
1131 -4.66823 0.10253 -4.23969 0.0410895 0.57212 -0.0448968 0.817909
1132 4.38371 -2.49629 -3.50549 -0.14438 -0.254826 -0.084788 0.952381
1133 4.39322 -2.19026 1.23368 -0.047811 0.469527 -0.0836415 0.877646
1134 4.39647 -2.18816 1.22605 -0.0480105 0.470274 -0.0834119 0.877257
1135 4.39551 -2.18552 1.23372 -0.0482943 0.469606 -0.0833891 0.877601
1136 4.39811 -2.18484 1.22595 -0.0483499 0.470341 -0.0832338 0.877219
1137 5.40183 -1.98797 3.21971 -0.0807505 0.366581 -0.0655103 0.924557
1138 5.40187 -1.98805 3.21959 -0.0807456 0.36659 -0.0655124 0.924554
1139 5.40191 -1.98813 3.21947 -0.0807406 0.366599 -0.0655146 0.924551
1140 5.40195 -1.98821 3.21935 -0.0807357 0.366609 -0.0655167 0.924547
1141 5.40199 -1.98828 3.21923 -0.0807307 0.366618 -0.0655189 0.924544
1142 5.39923 -1.98981 3.22264 -0.0806494 0.366333 -0.0656652 0.924653
1143 5.39923 -1.98981 3.22264 -0.0806494 0.366333 -0.0656652 0.924653
1144 5.39927 -1.98989 3.22252 -0.0806445 0.366343 -0.0656673 0.92465
1145 5.38968 -1.99086 3.23712 -0.0806202 0.365146 -0.0659886 0.925102
1146 5.38971 -1.99093 3.23701 -0.0806158 0.365155 -0.0659906 0.925099
1148 4.39255 -2.04983 1.28777 -0.056103 0.377589 -0.0892399 0.919954
1149 4.3182 -2.3411 1.18484 -0.0788327 0.378855 -0.0839021 0.918267
1150 4.31157 -2.30523 1.26856 -0.0813514 0.370586 -0.0822245 0.921568
1151 4.75224 -2.03304 0.792807 -0.0475402 0.322257 -0.0774728 0.942278
1152 4.37386 -2.26351 1.13221 -0.0726084 0.359624 -0.0848584 0.92639
1153 6.74653 -1.6283 5.63624 0.0251978 0.736276 -0.111479 0.66696
1154 6.52641 -1.98699 5.48466 -0.0256638 0.720981 -0.0362157 0.691532
1155 4.3924 -2.21363 1.1851 -0.068991 0.360977 -0.0907548 0.925581
1156 4.39083 -2.21072 1.19514 -0.0692353 0.360008 -0.090694 0.925946
1157 4.38687 -2.20638 1.21717 -0.0697583 0.357961 -0.0907984 0.92669
1158 3.95173 -1.86798 2.51057 -0.102339 0.227555 -0.0947237 0.963729
1159 3.92749 -1.81868 2.58929 -0.105351 0.218906 -0.0920772 0.965662
1160 5.33167 -2.07414 2.89749 -0.0658692 0.306753 -0.0638458 0.947358
1163 3.76955 -1.9787 1.53193 -0.0591958 0.274303 -0.0864066 0.955922
1164 4.3803 -1.99162 1.07818 -0.0481206 0.21687 -0.0905925 0.970796
1165 4.02927 -1.76865 2.21034 -0.0750901 0.0999696 -0.0923484 0.987846
1166 6.57764 -2.03491 2.53308 -0.0481279 -0.00413709 -0.0825739 0.995414
1167 4.5038 -2.0848 1.02783 -0.0539288 0.217436 -0.0865371 0.970734
1168 4.5038 -2.0848 1.02783 -0.0539288 0.217436 -0.0865371 0.970734
1169 4.09793 -2.5745 1.27555 -0.104041 0.259951 -0.0818153 0.956508
1174 3.88744 -1.86917 -2.39623 -0.0592049 -0.132557 -0.179233 0.973036
1197 6.93127 -2.15576 12.1954 0.0765555 0.823885 -0.135872 0.544877
1198 6.93127 -2.15576 12.1954 0.0765555 0.823885 -0.135872 0.544877
1204 4.42701 -1.10467 13.2581 0.112244 0.754045 -0.101503 0.639152
1208 4.93101 -0.774054 13.2091 0.110357 0.784039 -0.0739296 0.606332
1209 4.56049 0.505767 13.4712 0.0559417 0.774362 -0.0689728 0.62648
1210 2.24223 -1.23763 5.82307 0.070281 0.835204 0.00925311 0.545353
1211 1.6073 -1.83478 3.40887 0.0196548 0.705409 0.0400595 0.707395
1212 1.08575 -1.70812 3.68961 0.00449173 0.652546 0.0278161 0.757225
1213 -2.16198 -1.00542 3.58876 -0.0723077 0.29162 -0.0309977 0.953294
1214 -5.44943 -0.181744 3.44045 -0.00147271 0.303371 -0.0274917 0.952475
1215 1.04129 -1.23836 2.37172 0.0190791 0.635816 0.0105631 0.771533
1216 2.46155 -2.76316 -8.52544 -0.0890872 -0.288688 0.0155709 0.953142
1217 2.46127 -2.76303 -8.52557 -0.0890792 -0.288672 0.0155749 0.953148
1218 3.03471 -4.62405 4.78606 -0.416193 0.60138 0.136434 0.668215
1219 1.27818 -1.9654 2.1944 -0.0516095 0.607729 -0.008248 0.792423
1220 1.17843 -1.29283 2.28835 0.00937641 0.618934 0.00928284 0.785333
1221 1.32356 -1.98889 2.2103 -0.0526925 0.611159 -0.0134227 0.789638
1222 10.5311 -2.59771 2.51551 -0.110736 -0.735031 -0.0380792 0.667845
1223 5.99351 -1.39692 9.72424 0.133083 0.927656 0.0115287 -0.348728
1224 11.8197 -2.07772 -0.241949 -0.0697692 -0.652854 -0.0208788 0.753975
1225 2.01966 0.139371 0.634376 0.0460982 0.52177 -0.105981 0.845221
1226 1.76902 0.244929 1.14116 0.0367713 0.410291 -0.0841728 0.907317
1227 1.0929 -1.08976 2.24045 0.0165061 0.617358 0.00842735 0.786464
1228 1.08389 -1.08963 2.24544 0.0164601 0.61579 0.00839495 0.787694
1229 1.08389 -1.08963 2.24544 0.0164601 0.61579 0.00839495 0.787694
1230 1.11725 -1.43335 1.98178 -0.0098388 0.605684 0.0158556 0.795486
1231 -0.873397 -1.44159 2.1773 -0.00460714 0.217525 0.00546406 0.976029
1232 4.1382 0.13059 -3.56024 0.0538167 0.204392 -0.0614145 0.975477
1233 4.8988 0.277022 -2.152 0.0152061 0.0575782 -0.0175338 0.998071
1234 6.76869 -3.39125 -4.43525 -0.117711 -0.429464 0.0579646 0.893502
1235 9.78332 -3.73047 0.372927 -0.184306 -0.632023 0.0887246 0.747466
1236 9.81147 -3.58803 -0.650018 -0.169402 -0.596655 0.0950504 0.778634
1237 2.29843 -3.1095 0.487036 -0.144302 0.490367 0.0566995 0.857614
1238 2.29426 -3.11112 0.495156 -0.143767 0.488249 0.0564387 0.858929
1239 1.02575 -1.2746 2.30724 -0.0013283 0.622729 0.0136121 0.782318
1240 1.0175 -1.27446 2.31142 -0.00136226 0.621342 0.0135607 0.783421
1241 1.30045 -1.77921 2.3807 -0.0487922 0.61034 0.00292846 0.79063
1242 1.30449 -1.78013 2.37791 -0.048705 0.611054 0.00294235 0.790084
1243 1.30449 -1.78013 2.37791 -0.048705 0.611054 0.00294235 0.790084
1244 1.29932 -1.78027 2.38087 -0.0486737 0.610183 0.00293511 0.790758
1245 1.25813 -1.78209 2.40222 -0.0483177 0.603576 0.00276376 0.795835
1246 1.1953 -1.63891 3.4331 -0.0590101 0.30749 -0.000665153 0.94972
1247 -0.846355 -1.21275 3.55885 -0.0594294 0.195547 -0.00862079 0.978854
1248 -0.846355 -1.21275 3.55885 -0.0594294 0.195547 -0.00862079 0.978854
1249 1.4693 -1.97939 2.16001 -0.070293 0.59703 -0.000950705 0.799133
1250 1.04986 -1.89526 2.26174 -0.0651032 0.63441 -0.00673623 0.77022
1251 0.895126 -1.64718 2.4602 -0.0465792 0.648147 -0.000444881 0.76009
1252 -6.9435 0.413723 5.13831 -0.0316002 0.341345 -0.0234502 0.939114
1253 -6.8964 0.421826 5.19896 -0.0319616 0.345584 -0.0237262 0.937543
1254 -6.54074 0.482355 5.62915 -0.0345217 0.376232 -0.0258209 0.925522
1256 1.15748 -1.75768 1.98983 -0.0681973 0.618356 -0.0032652 0.782927
1257 1.0969 -1.72029 2.06138 -0.0761342 0.602179 -0.00398127 0.794713
1258 1.1674 -1.76953 1.98034 -0.0664406 0.6182 9.47604e-05 0.783207
1259 -0.678817 -0.812524 3.36181 -0.0506174 0.188853 -0.017961 0.980535
1262 3.32175 0.0427145 13.5369 0.0921492 0.735374 -0.0551244 0.6691
1263 1.77957 -1.96444 5.66431 0.00276748 0.810511 0.0840981 0.579648
1264 -2.50911 -1.32094 5.66555 -0.110289 0.534243 0.0655392 0.835539
1265 7.07693 -3.67825 6.0318 0.790048 -0.307726 -0.446198 -0.286418
1266 5.05643 -3.2464 4.24286 -0.362755 0.438651 0.171972 0.804002
1267 5.05567 -3.25081 4.24034 -0.362483 0.438871 0.171831 0.804035
1268 6.16837 -5.31417 3.22364 -0.066709 0.321958 0.543206 0.772541
1269 6.16839 -5.31432 3.22334 -0.066691 0.321967 0.543203 0.772541
1270 6.12117 -5.35137 3.23366 -0.0680737 0.32127 0.540489 0.774611
1271 6.10997 -5.37722 3.23521 -0.0673896 0.321176 0.53921 0.775601
1272 6.11 -5.37742 3.2348 -0.0673651 0.321189 0.539207 0.7756
1273 6.14839 -5.32242 3.24563 -0.0697427 0.323674 0.540569 0.773405
1275 1.82457 0.297527 1.39027 0.0368385 0.551512 -0.127853 0.823487
1276 1.82457 0.297527 1.39027 0.0368385 0.551512 -0.127853 0.823487
1277 0.14408 -0.797943 2.89774 -0.0729221 0.160206 -0.0448701 0.983363
1278 0.144127 -0.797965 2.89773 -0.0729186 0.160215 -0.0448709 0.983362
1279 1.1276 -1.66208 2.15284 -0.0615175 0.659275 -0.0322152 0.748689
1280 1.13453 -1.66068 2.15002 -0.0618764 0.660223 -0.0319477 0.747834
1281 1.12364 -1.6539 2.16084 -0.0630498 0.658023 -0.0324904 0.749649
1282 1.12415 -1.65343 2.16089 -0.0631496 0.658057 -0.0324631 0.749613
1283 1.00226 -1.08503 2.15657 -0.0163396 0.662344 -0.0123137 0.748921
1284 1.00226 -1.08503 2.15657 -0.0163396 0.662344 -0.0123137 0.748921
1285 0.954911 -1.07802 2.1818 -0.0171345 0.654752 -0.0142187 0.755516
1286 0.954911 -1.07802 2.1818 -0.0171345 0.654752 -0.0142187 0.755516
1287 -1.02506 -0.517454 2.44011 -0.108749 0.29797 -0.0707368 0.945719
1288 -5.40467 -0.961951 -1.15251 -0.0203726 0.104478 0.0734577 0.991601
1289 -5.56646 -0.603572 -0.0850204 0.00776714 0.203464 0.0457733 0.977981
1290 3.93125 -1.41102 5.4941 0.0254564 0.75182 -0.0040951 0.658864
1291 17.585 -3.74147 -2.41881 -0.154189 -0.734874 -0.0180318 0.660198
1292 1.20026 -1.9409 2.09821 -0.0861839 0.644945 -0.0323289 0.758666
1293 1.19008 -1.93532 2.10974 -0.0871932 0.642588 -0.032717 0.760531
1294 1.19914 -1.94086 2.09932 -0.0862265 0.644536 -0.0321558 0.759015
1295 1.20316 -1.94033 2.09738 -0.086367 0.645144 -0.0320206 0.758488
1296 1.19331 -1.93447 2.10898 -0.0874344 0.642814 -0.0324014 0.760326
1297 1.19331 -1.93447 2.10898 -0.0874344 0.642814 -0.0324014 0.760326
1298 -0.171244 -2.15233 -5.716 -0.135309 -0.115013 -0.0284524 0.983694
1299 -0.171244 -2.15233 -5.716 -0.135309 -0.115013 -0.0284524 0.983694
1300 1.20712 -1.86831 2.02282 -0.0817085 0.642449 -0.0314288 0.761311
1301 -0.138487 -0.768507 2.98564 -0.0721893 0.168637 -0.0355527 0.982388
1302 -0.138409 -0.768541 2.98564 -0.0721835 0.168652 -0.0355543 0.982386
1303 -0.13833 -0.768575 2.98563 -0.0721777 0.168666 -0.0355559 0.982384
1304 -0.13833 -0.768575 2.98563 -0.0721777 0.168666 -0.0355559 0.982384
1305 -0.13825 -0.768609 2.98562 -0.0721718 0.168681 -0.0355575 0.982382
1306 -0.13825 -0.768609 2.98562 -0.0721718 0.168681 -0.0355575 0.982382
1307 -0.13825 -0.768609 2.98562 -0.0721718 0.168681 -0.0355575 0.982382
1308 -0.138171 -0.768644 2.98561 -0.072166 0.168695 -0.0355591 0.982379
1310 1.19613 -1.72049 2.26404 -0.0497805 0.649154 -0.0168218 0.75884
1311 1.16319 -1.76157 2.25151 -0.0417348 0.647464 -0.0177742 0.760745
1313 1.25215 -1.7109 2.25254 -0.0242672 0.666091 -0.0114256 0.745388
1314 1.02781 -1.096 2.44257 0.0313802 0.693272 0.0124687 0.719884
1316 1.21801 -1.56064 2.21795 -0.00804198 0.685931 -0.0123356 0.727518
1317 1.4566 -0.959056 2.62555 0.0462847 0.706852 -0.00972948 0.705779
1318 1.23944 -1.47614 2.19695 -0.00383364 0.681313 -0.0198051 0.731714
1320 1.31716 -1.82361 2.11807 -0.0367509 0.67165 -0.0308757 0.739312
1322 1.24228 -1.62114 2.11774 -0.0201175 0.687878 -0.020558 0.725256
1323 1.24703 -1.63738 2.10293 -0.0170792 0.689681 -0.0199721 0.723637
1326 2.16444 -1.53921 5.90061 0.0692092 0.870317 0.0540782 0.484598
1327 0.4815 -1.40088 -8.46403 -0.0869031 -0.180198 -0.0465718 0.978677
1329 4.94561 -0.840703 12.9952 0.132206 0.786317 -0.0575631 0.600761
1331 1.27836 -1.83691 2.15864 -0.026614 0.687885 -0.0116162 0.725238
1332 2.08691 -2.15277 8.40948 -0.128862 0.67374 0.0653922 0.724702
1333 1.06597 -1.11918 2.19708 0.0287195 0.699427 0.0063705 0.714099
1334 2.73292 -2.38198 -2.46661 -0.0985488 -0.0928491 -0.00197726 0.990789
1336 2.41748 -1.36993 6.20343 0.0650361 0.881213 0.033265 0.467042
1337 -1.79748 -0.356853 6.69656 0.0243077 0.694864 -0.0180138 0.718504
1339 1.01197 -1.97528 2.03588 -0.056405 0.695679 -0.0336863 0.715342
1342 3.57161 0.236079 12.108 0.107318 0.732381 -0.0908223 0.666222
1343 5.01182 -0.416965 13.1097 0.110991 0.789324 -0.0687785 0.599932
1344 4.43213 -0.477447 13.1025 0.117276 0.782482 -0.0666797 0.607883
1345 2.32407 -1.65123 6.15462 0.0392159 0.88203 0.0389362 0.467942
1346 2.38462 -1.65426 6.12844 0.0390334 0.884285 0.0395902 0.463626
1347 2.0535 -1.41377 4.41636 0.0412739 0.810493 0.015753 0.58408
1348 1.06664 -1.19166 2.13099 0.00420862 0.698457 -0.0161789 0.715457
1351 5.05995 0.0827749 13.3822 0.0974542 0.787183 -0.0776824 0.603996
1352 9.94023 -1.42762 4.91136 0.0248661 0.935683 -0.112991 -0.333336
1353 11.0594 -1.89884 0.372795 -0.010789 -0.847945 0.0935715 0.521649
1361 0.466557 -1.52768 -5.89111 -0.0972598 -0.13747 -0.061309 0.983811
1365 1.21789 -1.1972 1.9265 0.0234183 0.624703 -0.0672821 0.777606
1367 0.825958 -1.84113 -6.93484 -0.114367 -0.155759 -0.0867385 0.97731
1370 4.6588 0.165349 10.782 0.0939795 0.771276 -0.114566 0.619012
