2 2.06935 -1.43599 -4.70199 -0.0670713 -0.062305 -0.0636388 0.993765
4 2.05915 -0.0158025 0.788186 0.134697 0.753643 -0.0573662 0.640772
5 2.05928 -0.0154404 0.787876 0.134628 0.753699 -0.0573291 0.640723
6 1.69866 -0.788439 1.56133 0.0912873 0.797859 -0.0116596 0.595778
7 1.69821 -0.788427 1.56187 0.0912893 0.79778 -0.0117035 0.595883
8 1.69689 -0.788368 1.56346 0.0912912 0.797545 -0.0118319 0.596195
9 1.6835 -0.453158 1.91147 0.116563 0.809931 -0.0195033 0.574495
10 1.69832 -0.453725 1.89731 0.11646 0.812151 -0.0192252 0.571383
12 1.35533 -1.02224 0.532113 0.0153452 0.218945 -0.0321343 0.975087
17 4.19463 -0.447336 9.7487 0.132175 0.764005 -0.059394 0.628728
21 8.85876 -3.18901 3.04073 0.388031 0.889142 0.0913159 -0.224768
25 2.46839 -1.29554 6.19666 0.0981193 0.908599 0.0554103 0.402181
27 1.38602 -1.65671 2.31077 0.015125 0.744623 0.0314846 0.666571
29 4.98113 -1.11417 12.0043 0.145095 0.789679 -0.048708 0.594123
34 5.0056 -1.14177 11.8926 0.141001 0.791305 -0.0480146 0.593
36 2.02731 -0.0937921 0.911407 0.100522 0.684076 -0.0668777 0.719349
41 2.49647 -1.28681 6.13286 0.116706 0.92217 0.0764726 0.360742
42 2.12192 -1.36223 5.64707 0.107062 0.900262 0.0874603 0.412815
43 -6.09953 0.466681 1.65165 0.0162792 0.290808 -0.0102816 0.956587
44 -5.19801 -0.0709431 3.59666 0.0607458 0.45077 0.0239893 0.890248
46 2.23323 0.0528497 0.906782 0.110551 0.704753 -0.0175288 0.700567
49 8.79967 -3.24899 3.18007 0.416752 0.889306 0.122481 -0.143011
53 7.95515 -2.03165 -0.113694 0.00201464 -0.385442 0.149047 0.910613
54 2.33133 -1.41594 -3.41715 -0.0546443 -0.0763237 -0.00244892 0.995582
55 2.33606 -1.74847 -5.77878 -0.082672 -0.150918 0.00614892 0.985064
58 2.66189 -0.847675 1.47928 0.0827194 0.704669 0.0492895 0.702972
59 2.6685 -0.848017 1.46697 0.0830276 0.706108 0.049637 0.701466
60 2.49263 -0.862576 1.74734 0.0796897 0.670719 0.0404387 0.736308
63 5.25229 -1.36038 9.01519 0.198587 0.753494 -0.0395029 0.6255
64 3.42216 -1.23098 3.60359 0.134802 0.831039 0.0909782 0.531907
69 5.67709 -1.4053 8.53301 0.191487 0.778994 -0.0363194 0.595971
72 5.55611 -1.64442 8.13042 0.205887 0.752289 -0.0331454 0.624959
75 3.69677 -1.57121 1.37222 0.0639109 0.720556 0.0718343 0.686698
82 4.14491 -1.4324 0.178121 0.0692294 0.0518201 -0.00245966 0.996251
