32 -2.1935 0.372772 9.96485 -0.530781 0.801972 0.177445 0.208866
36 -2.03714 0.448954 9.67661 -0.539373 0.791609 0.182732 0.221451
46 -1.84996 0.540471 8.99338 -0.544336 0.769252 0.180206 0.281913
47 -1.87814 0.498838 8.93674 -0.536883 0.78376 0.159378 0.268468
49 -1.78265 0.534307 8.8004 -0.554703 0.774102 0.168631 0.254232
50 -1.80695 0.527072 8.79242 -0.547939 0.780977 0.166064 0.249522
55 -1.60229 0.628766 8.43737 -0.556803 0.781303 0.157601 0.233877
57 -1.53994 0.654588 8.33148 -0.554514 0.764899 0.187351 0.268967
58 -1.37725 0.721499 8.24863 -0.568893 0.7566 0.204817 0.248932
59 -1.3779 0.774074 8.15557 -0.555515 0.768247 0.189222 0.255724
60 -1.40512 0.720816 8.04642 -0.54953 0.769026 0.1879 0.267039
66 -1.08816 1.02436 7.66309 -0.519262 0.794341 0.178829 0.259634
67 -1.03514 1.04595 7.61059 -0.533987 0.795993 0.173446 0.226208
69 -0.940876 1.17442 7.44501 -0.530373 0.793975 0.173912 0.240964
70 -0.895501 1.16811 7.36603 -0.537371 0.783762 0.171586 0.259821
76 -0.769232 1.26935 7.00722 -0.537677 0.79495 0.15929 0.231484
77 -0.697501 1.26234 6.88314 -0.552978 0.772904 0.179952 0.253874
78 -0.638303 1.27373 6.80887 -0.564998 0.767617 0.173642 0.24777
80 2.47599 1.34336 7.50656 -0.575307 0.775249 0.260785 0.00130114
83 -0.455069 1.47753 6.49665 -0.553931 0.795967 0.149567 0.192944
89 -0.135952 1.67849 6.28744 -0.588391 0.791444 0.118501 0.115629
90 1.11425 2.30843 6.92411 -0.619782 0.764526 0.177101 0.00254447
91 2.51175 2.36365 6.43304 -0.582196 0.777595 0.228875 -0.0633241
95 -0.0359217 1.64394 5.68043 -0.554621 0.784379 0.189886 0.202702
104 0.409638 2.10523 4.58592 0.298608 -0.719725 0.257283 0.57152
105 -0.0274271 2.20429 5.65258 -0.33316 0.771963 -0.237306 -0.486583
106 0.163823 2.24767 4.62722 0.296369 -0.729338 0.257414 0.560329
107 0.396474 2.10594 4.62344 0.286177 -0.738872 0.226827 0.566323
108 0.0134464 1.9631 5.21291 0.297167 -0.774736 0.2204 0.512738
110 3.18263 3.95914 -0.0300415 0.179423 -0.555707 0.281041 0.761586
111 0.0285481 2.05206 5.22909 0.299223 -0.778516 0.218685 0.506513
112 0.459067 2.2404 4.61058 0.276385 -0.743859 0.226407 0.564823
117 0.13272 2.02766 4.98179 0.269587 -0.766976 0.238134 0.531378
118 0.119241 2.03104 4.95576 0.263617 -0.767898 0.245394 0.529736
119 0.0245362 1.95843 4.97987 0.261731 -0.775287 0.247555 0.518791
120 0.232485 1.82336 5.28562 0.240579 -0.797354 0.226908 0.504838
121 0.0344705 1.94747 5.01508 0.250632 -0.778467 0.249476 0.518589
122 0.183829 2.07504 4.77253 0.248372 -0.777265 0.253919 0.519322
123 0.00751692 2.09501 5.12066 -0.267686 0.795153 -0.244193 -0.486257
124 0.0869296 2.02203 5.15225 -0.264613 0.796341 -0.231239 -0.49229
125 0.267132 1.97573 5.05079 0.25788 -0.788928 0.220046 0.512514
126 0.0342978 2.02947 5.19577 -0.270438 0.79435 -0.234445 -0.490823
127 0.169023 2.05974 4.93011 0.265125 -0.778256 0.237919 0.517127
128 0.0465038 2.04744 5.1868 -0.263499 0.789083 -0.244653 -0.498057
129 0.179552 2.06225 4.89612 0.254782 -0.772995 0.246717 0.526019
130 -0.0180692 2.06069 5.39267 -0.258363 0.797139 -0.246839 -0.486712
131 0.0742806 2.09616 4.84035 0.25238 -0.772761 0.252674 0.524691
132 0.494332 2.44335 4.48732 0.241711 -0.74773 0.262156 0.560134
133 0.063708 2.0746 5.00513 0.251832 -0.782227 0.246866 0.513575
134 0.187444 1.97663 4.85406 0.258242 -0.77699 0.225591 0.527927
137 0.176349 1.92412 4.9965 -0.33532 0.786172 -0.184696 -0.485162
141 0.393589 2.19017 4.52311 -0.368212 0.767271 -0.176903 -0.494389
142 0.266086 2.0326 4.86825 -0.373202 0.788595 -0.16528 -0.459913
145 0.439515 1.9233 4.67 -0.355725 0.786609 -0.148979 -0.482194
148 0.39601 2.12047 4.57362 -0.376016 0.781501 -0.165307 -0.469618
149 0.400475 2.26465 4.27528 -0.372141 0.763295 -0.18523 -0.494553
150 0.29463 1.9737 4.43515 -0.3688 0.781351 -0.163515 -0.476172
155 0.707585 2.44186 3.7226 0.313909 -0.724402 0.24155 0.564231
159 0.547155 2.2949 3.97601 0.30725 -0.7421 0.231017 0.549104
160 0.506227 2.38604 4.34299 0.30994 -0.761386 0.23389 0.519158
161 0.479378 2.22199 4.27096 0.299206 -0.743243 0.227088 0.553622
164 0.487267 2.37371 4.31502 0.354748 -0.731975 0.224765 0.536514
166 0.5423 2.5083 3.67233 0.36096 -0.701418 0.219418 0.574087
175 0.608502 2.49571 4.04094 0.158342 -0.57219 0.31739 0.739453
177 0.569722 2.39573 3.95555 0.14848 -0.583534 0.321449 0.73083
178 0.683572 2.32704 3.72044 0.139424 -0.570654 0.318785 0.743835
180 0.597016 2.41348 3.84102 0.136285 -0.577596 0.335679 0.731525
182 0.828923 1.87129 3.46532 0.112353 -0.550525 0.290143 0.774671
183 0.502726 2.46846 3.88003 0.143449 -0.574948 0.337905 0.731217
189 0.902135 2.84854 4.3698 0.0126076 -0.362344 0.381368 0.850357
199 0.937665 2.39591 4.10165 -0.127922 -0.286496 0.403295 0.859598
269 -0.336317 2.3016 4.43673 -0.129917 -0.27803 0.403288 0.862079
276 -0.493654 3.48563 5.68422 0.00498105 -0.401482 0.40416 0.821853
278 -0.203648 2.27971 5.50102 -0.0839742 -0.372672 0.389477 0.838076
279 -0.152631 2.20315 5.57547 -0.0796748 -0.37222 0.379565 0.843229
280 -0.0507872 2.17211 5.62369 -0.0795797 -0.367495 0.369195 0.849888
281 -0.0880541 2.09086 5.59558 -0.0796679 -0.350411 0.367542 0.857775
282 -0.387755 2.35637 5.60206 -0.0522433 -0.331568 0.381988 0.861057
283 -0.365486 2.31231 5.65267 -0.0460511 -0.328693 0.384153 0.861549
285 -2.14988 -1.63665 3.54006 -0.267306 0.00278608 0.367716 0.890688
286 -2.15531 -1.67976 3.51714 -0.263282 -0.00070927 0.368616 0.891518
287 -0.758298 -0.759124 4.5981 -0.240009 -0.147795 0.35088 0.892993
289 -0.398184 2.83541 6.22976 0.0171363 -0.33157 0.397744 0.855317
291 -0.465054 2.67435 6.14835 0.00265758 -0.264649 0.422866 0.866682
294 -0.238993 2.44602 6.17061 -0.030746 -0.222944 0.409172 0.884268
295 -0.306184 2.13343 5.84624 -0.0533342 -0.189509 0.396658 0.896607
296 -0.210918 2.20389 5.81218 -0.058045 -0.185654 0.384747 0.902294
297 0.0105653 1.94548 5.8002 -0.0755131 -0.198571 0.364952 0.906464
298 0.113285 2.11461 5.99949 -0.0729758 -0.213091 0.365946 0.902968
299 0.111863 2.1225 5.99681 -0.0736426 -0.212985 0.365974 0.902927
300 0.0738069 2.16888 5.98761 -0.0742337 -0.211445 0.376879 0.898745
301 0.0738526 2.14501 5.99602 -0.0720786 -0.21191 0.3775 0.89855
302 0.0715684 2.13333 6.00012 -0.0711362 -0.212332 0.377682 0.898449
303 -0.296165 2.39256 5.69843 -0.0463406 -0.187169 0.393507 0.898873
305 -0.103361 2.56104 6.23598 -0.0388435 -0.229189 0.39495 0.888807
306 0.0351575 2.18295 6.0706 -0.0613511 -0.22187 0.378299 0.896605
307 -0.562131 2.19179 5.36828 -0.0469043 -0.158564 0.396548 0.902999
310 -0.136981 2.01715 5.78772 -0.0787512 -0.192229 0.390458 0.896877
311 -0.157214 2.01038 5.78927 -0.0788758 -0.193978 0.390306 0.896556
317 -0.494386 2.90459 6.28484 0.0375328 -0.269032 0.42889 0.861549
318 -0.468262 2.99378 6.247 0.031272 -0.265495 0.4283 0.863188
319 -0.39532 2.35098 5.79359 -0.0266196 -0.227532 0.415481 0.880282
321 -0.063651 1.30953 5.67747 -0.1046 -0.215434 0.37355 0.896162
322 -0.0793149 1.29906 5.67914 -0.104181 -0.21697 0.373576 0.89583
323 -0.0832543 1.29545 5.67976 -0.103991 -0.217385 0.373592 0.895745
325 -0.0944339 2.11922 5.75264 -0.053512 -0.239898 0.390749 0.887074
327 -0.0389384 2.35187 6.06799 -0.0257957 -0.260377 0.381896 0.886394
328 -0.126325 2.61354 6.15213 -0.00834661 -0.278722 0.399302 0.873386
329 -0.147498 2.58141 6.16451 -0.00629674 -0.28082 0.399585 0.872601
330 -0.0908834 2.63693 6.14377 -0.00896599 -0.275563 0.399608 0.874241
331 -0.106336 2.6284 6.14693 -0.00873747 -0.276814 0.399672 0.87382
334 -0.308576 2.85489 6.24701 0.00904843 -0.283784 0.407685 0.867858
335 -0.974319 2.37061 4.88826 -0.00669288 -0.173448 0.407061 0.896757
336 -0.216999 2.27666 5.76549 -0.0379457 -0.250625 0.39698 0.88213
345 -0.917624 2.35047 4.97756 -0.0199492 -0.165434 0.440413 0.882196
348 -0.471213 2.65608 5.92037 -0.0349518 -0.212251 0.442823 0.870423
350 -0.221578 2.03922 5.62564 -0.0706165 -0.198655 0.429115 0.8783
356 -1.99235 -2.08517 3.52722 -0.240317 0.0483775 0.357197 0.901287
359 -0.571747 2.87058 5.9147 0.0195959 -0.268129 0.43074 0.861502
360 -0.603263 2.8456 5.92298 0.0203893 -0.271118 0.430545 0.860645
361 -0.575948 2.89579 5.9027 0.0170319 -0.268233 0.429945 0.861921
363 0.129924 2.17257 5.85087 -0.0471137 -0.282721 0.39502 0.872816
364 0.10597 2.13853 5.86311 -0.0449924 -0.285367 0.394962 0.872093
366 -0.616167 2.98579 5.9786 0.0281803 -0.269819 0.426745 0.862724
367 -0.598618 3.01082 5.96844 0.0268191 -0.267933 0.426815 0.86332
368 -0.587673 3.00932 5.9704 0.0273622 -0.267135 0.426876 0.86352
369 -0.0626687 2.45462 5.93369 -0.0144175 -0.276537 0.394065 0.876375
371 -1.04989 2.53802 4.8459 0.00610367 -0.183657 0.422692 0.887448
372 -0.550007 3.0385 6.17348 0.025169 -0.280006 0.425881 0.859993
373 -0.48724 3.04594 6.17556 0.0236968 -0.278866 0.419727 0.863424
374 -0.492922 3.04352 6.17619 0.0237402 -0.279261 0.419829 0.863245
375 -0.464155 3.06728 6.16752 0.0228318 -0.276724 0.419817 0.864093
376 -0.000447122 2.40289 5.89831 -0.0279745 -0.268515 0.390886 0.879958
377 -0.52459 2.62965 5.52314 -0.0063358 -0.232028 0.411554 0.881332
378 -0.509313 2.62002 5.52916 -0.00479387 -0.23088 0.411978 0.881445
384 -2.25655 -1.87374 3.41887 -0.238381 0.0791007 0.356351 0.899962
387 -0.369136 2.58709 5.53184 -0.0113596 -0.230813 0.409613 0.882504
388 -0.286191 2.11302 5.47682 -0.0445732 -0.221701 0.406289 0.88532
391 -0.818282 2.4149 4.94696 -0.0124745 -0.170419 0.414495 0.893866
392 -0.608244 2.81997 5.73673 -0.0160358 -0.186045 0.420697 0.887775
393 -0.092728 2.10568 5.67711 -0.0616453 -0.213744 0.403025 0.887741
399 -0.386572 2.56414 5.78405 0.0282835 -0.296487 0.409279 0.86243
400 -0.490606 2.27565 5.27636 0.0109911 -0.26517 0.400996 0.876793
402 -2.02357 -1.55941 3.43812 -0.194953 -0.0111258 0.350795 0.915867
403 -2.02448 -1.52181 3.45375 -0.198711 -0.00871991 0.349386 0.915624
404 -1.00418 -1.8358 4.57601 -0.253473 -0.095988 0.329346 0.904472
408 -1.27402 -2.06975 3.65733 -0.263157 -0.0348256 0.325717 0.907438
411 -0.379872 2.07865 5.22181 -0.0251215 -0.250361 0.383397 0.888648
412 -0.372812 2.08388 5.22037 -0.0253666 -0.249646 0.383364 0.888856
413 -0.376099 2.07171 5.22474 -0.0243324 -0.250222 0.383444 0.888689
415 -0.29693 2.6555 5.49343 0.00116259 -0.258071 0.386703 0.885358
417 -0.129549 2.07391 5.48955 -0.036737 -0.248001 0.369675 0.894699
419 -2.11148 -1.80191 3.30096 -0.234914 0.0366728 0.33106 0.913165
420 -0.157217 -0.637542 4.6255 -0.214134 -0.146926 0.31525 0.912785
421 -1.90298 -2.07407 3.39833 -0.2562 0.0235748 0.323797 0.910473
423 -0.542758 2.31612 5.18878 -0.0175726 -0.246266 0.390976 0.886669
425 -0.221572 2.29293 5.52228 -0.0340489 -0.277596 0.393627 0.875693
427 -0.418481 3.01372 5.97082 0.0143735 -0.306058 0.407566 0.860239
428 -0.548566 2.47013 5.37698 -0.0301549 -0.26128 0.415476 0.870749
430 -0.25299 2.39775 5.48743 -0.0623214 -0.250429 0.401188 0.878891
431 -0.2459 2.40757 5.48369 -0.063025 -0.249676 0.400996 0.879143
433 -0.392887 3.07708 6.11039 -0.0047351 -0.285751 0.403819 0.869053
435 -0.251977 2.64656 5.42216 -0.0421111 -0.236323 0.391335 0.888389
437 0.146881 2.33748 5.7824 -0.0516135 -0.297178 0.378323 0.875153
439 -1.95478 -1.95842 3.38515 -0.267918 0.0345872 0.365386 0.890795
440 -3.40437 -2.94022 2.15981 -0.26546 0.153836 0.361816 0.880315
441 -1.92454 -1.73586 3.395 -0.256871 0.0325427 0.364504 0.894481
442 -0.61381 -1.19628 4.4191 -0.262129 -0.0939065 0.35149 0.893826
443 -0.0160534 2.5367 5.84891 -0.0358629 -0.277079 0.382982 0.880492
444 -0.100713 2.61313 5.81511 -0.0383301 -0.276353 0.396541 0.874594
445 -0.0809471 2.6357 5.80616 -0.039564 -0.274293 0.396665 0.875132
448 -0.189077 2.2876 5.51545 -0.0343669 -0.288951 0.393808 0.871918
460 -0.117398 1.97835 5.89735 -0.13203 -0.0901462 0.423013 0.891909
462 -0.12753 2.13108 5.94478 -0.111282 -0.105704 0.424787 0.892188
463 -0.109027 2.15369 6.04622 -0.113821 -0.0986363 0.421673 0.894152
464 -0.558697 3.52426 6.91398 -0.00311204 -0.144065 0.454489 0.87902
467 -0.0710954 2.09554 5.9837 -0.102661 -0.0980932 0.404718 0.90335
486 0.437281 2.49564 6.63851 -0.091283 -0.147604 0.400314 0.899794
497 -0.854158 2.88075 5.98817 0.0859371 -0.283664 0.465352 0.834025
499 -0.928665 2.13808 4.70558 0.0172883 -0.174951 0.42721 0.886896
501 -0.358843 2.66211 5.7289 0.0189197 -0.235727 0.408138 0.881759
503 -0.651773 2.51311 5.66103 0.0075098 -0.209879 0.413741 0.88584
504 -0.624616 2.286 4.90365 -0.00214308 -0.180756 0.396998 0.899842
506 -2.22978 -1.81926 3.53229 -0.2185 0.0759199 0.350298 0.907626
510 0.119814 2.15652 5.9606 -0.0180346 -0.279406 0.402726 0.871447
511 -0.356618 2.57587 5.76629 0.0180785 -0.250574 0.427189 0.868559
512 -0.707639 2.23166 5.03021 0.00769445 -0.18814 0.428457 0.883724
513 0.0943661 2.17414 5.98603 -0.0235611 -0.26531 0.410048 0.872305
514 -0.356305 2.5924 5.74058 0.0135861 -0.237674 0.421318 0.87511
516 -2.24989 -1.84747 3.48489 -0.217861 0.0892626 0.360423 0.902587
517 -2.26102 -1.85377 3.47462 -0.217635 0.0875319 0.360174 0.902911
518 -3.72243 -2.83281 2.21746 -0.217599 0.207608 0.346127 0.888676
519 -3.78543 -2.9054 2.01999 -0.215533 0.186494 0.347296 0.893393
520 -3.70615 -2.85139 2.22352 -0.218288 0.207248 0.348526 0.887653
521 -2.30808 -1.56917 3.52765 -0.198888 0.0867743 0.362511 0.906366
522 -0.294774 2.53508 5.65599 -0.00175703 -0.221589 0.410864 0.884356
526 -0.533906 2.93865 5.98118 0.022738 -0.235467 0.434188 0.869206
533 -0.276164 2.21577 5.61657 -0.0426208 -0.210441 0.418847 0.882307
534 -0.359316 2.60768 5.66677 -0.0125531 -0.216346 0.422431 0.880108
536 -0.615712 2.3117 5.16068 -0.0212077 -0.154281 0.417025 0.895454
537 -0.122968 2.11159 5.75944 -0.0412847 -0.207015 0.406065 0.88913
539 -0.493378 2.13426 5.19268 -0.0262521 -0.161786 0.413301 0.895722
540 -0.324826 2.4898 5.62784 -0.0159853 -0.198254 0.421177 0.884901
542 0.00545005 2.28936 5.97539 -0.0249542 -0.235318 0.407075 0.882209
543 -0.00479107 2.25283 6.03483 -0.029237 -0.236603 0.411663 0.879601
544 -0.081085 2.34185 5.9898 -0.0318521 -0.234516 0.427788 0.872345
545 -0.618119 2.08429 5.05243 -0.0334097 -0.153056 0.430591 0.888847
546 -0.254573 2.1006 5.53304 -0.049928 -0.192834 0.429378 0.880884
547 -0.259394 2.05596 5.57106 -0.050378 -0.190693 0.422925 0.884439
548 -0.373264 2.54735 5.64017 -0.0127821 -0.208006 0.428416 0.879221
549 -0.520323 2.54318 5.72388 -0.0114928 -0.213701 0.441879 0.871173
550 -0.584918 2.50611 5.72293 -0.00908513 -0.216903 0.448003 0.867274
551 -0.58583 2.50524 5.72319 -0.00903758 -0.216982 0.448037 0.867237
553 -0.376517 2.76671 6.06931 -0.0062378 -0.240716 0.444156 0.862985
555 -0.453413 2.75827 5.99269 0.00397365 -0.241848 0.446184 0.861635
556 -0.414585 2.78807 5.98256 0.00309248 -0.238207 0.44631 0.862586
557 -0.367529 2.8254 5.96952 0.00173035 -0.233945 0.446022 0.863904
559 -0.956737 2.33016 4.87407 -0.00105201 -0.152597 0.43683 0.886506
