163 -0.332427 -0.545062 1.81078 -0.244741 0.947093 0.0145622 0.207132
174 -0.173892 0.708136 2.0737 -0.262182 0.92674 -0.247229 -0.10626
176 0.0394705 -0.468348 2.13221 -0.269013 0.956149 0.0298733 -0.111888
177 0.427553 -0.497892 2.1502 -0.263218 0.948161 0.0664912 -0.165183
181 -0.417632 -0.428158 2.1232 -0.225929 0.971359 0.0472796 0.056412
188 0.101442 -0.409312 2.19964 -0.25865 0.954083 0.0718095 -0.132925
189 0.140838 -0.343286 2.32496 -0.2589 0.953343 0.0594331 -0.143443
190 0.130145 -0.376948 2.22651 -0.247775 0.955913 0.0739404 -0.139178
191 0.12018 -0.379988 2.22202 -0.24599 0.956411 0.0740735 -0.138853
192 -0.393361 -0.56508 2.16437 -0.247768 0.964812 0.0854726 -0.0210657
193 0.234851 -0.35278 2.30804 -0.249095 0.951302 0.0663759 -0.169027
197 0.0963382 -0.464843 2.12645 -0.263616 0.955043 0.0875063 -0.10364
199 0.38481 -0.552893 2.20148 -0.272715 0.947427 0.123953 -0.11245
200 0.0937354 -0.558524 2.03071 -0.271986 0.953098 0.130368 -0.025137
203 0.244653 -0.865155 2.02225 -0.274453 0.931592 0.237122 -0.0241837
209 -0.41012 -0.759693 1.76892 -0.29493 0.928202 0.193903 0.117726
212 0.180354 -0.758706 1.65043 -0.286628 0.922566 0.25817 -0.00801537
213 0.0213237 -0.707061 1.60053 -0.295036 0.926421 0.231968 0.0297949
214 0.0106709 -0.708527 1.56876 -0.296197 0.926094 0.231639 0.0309901
217 0.140708 -0.678056 1.58825 -0.285734 0.91962 0.257234 0.0805341
219 -0.0195315 -0.788104 1.39631 -0.263047 0.891288 0.308849 0.202546
222 0.0797848 -0.8302 1.31921 -0.238306 0.870436 0.355498 0.243254
228 -0.0891321 -0.899911 1.00769 -0.259472 0.836476 0.368387 0.311886
229 -0.143897 -0.882302 1.02059 -0.261085 0.829027 0.354269 0.345024
230 -0.0757002 -0.91571 1.01598 -0.256993 0.833687 0.373053 0.315836
232 -0.0811809 -0.935689 0.984132 -0.254276 0.835181 0.376831 0.309538
248 -0.473915 -0.0710883 -0.943609 -0.161687 0.388541 0.450689 0.787256
261 -0.37889 0.252412 -0.837513 -0.209086 0.433903 0.457621 0.747392
263 -0.237178 -0.724138 0.324548 -0.300759 0.505595 0.473975 0.655183
266 -1.09091 -0.680096 0.0227064 -0.245398 0.552587 0.44751 0.658909
275 -3.36852 -1.06052 6.17463 -0.222135 0.92723 0.133538 0.270311
286 0.186314 0.515786 -0.603715 -0.266389 0.419888 0.462647 0.733954
287 0.160745 0.620709 -0.639832 -0.266421 0.419793 0.460465 0.735368
299 0.589147 0.833203 -0.469613 -0.328402 0.397503 0.475994 0.712442
300 0.68398 0.474736 0.445169 -0.333139 0.503375 0.538648 0.587784
301 0.64041 1.06085 -0.408491 -0.312336 0.382796 0.483853 0.722358
302 0.527041 0.836621 -0.243598 -0.325329 0.416225 0.482523 0.698634
327 1.17665 1.68561 0.238045 -0.323741 0.537668 0.43949 0.642614
336 1.76451 1.92038 0.704216 -0.393312 0.633653 0.466572 0.475499
338 1.79075 1.97721 0.723194 -0.397133 0.644723 0.462635 0.461071
343 1.89097 2.09221 0.743753 -0.275177 0.517494 0.525244 0.616925
350 1.98306 2.08044 0.793964 -0.354551 0.61222 0.509949 0.489317
351 1.96249 2.07978 0.808942 -0.346725 0.61067 0.504696 0.502141
353 2.00388 2.07296 0.864238 -0.341479 0.616701 0.520463 0.481861
354 2.00417 2.07775 0.862191 -0.343937 0.620264 0.517387 0.478843
356 1.975 2.09524 0.845624 -0.346554 0.627459 0.499658 0.486351
357 1.97859 2.11929 0.824714 -0.350231 0.631945 0.490905 0.486822
358 1.98177 2.13841 0.826147 -0.349448 0.637761 0.484727 0.48599
360 2.04527 2.1736 0.870153 -0.355385 0.66373 0.485551 0.444301
362 2.04445 2.21778 0.909728 -0.339703 0.675169 0.469492 0.456428
378 1.9309 2.27246 0.786327 -0.112595 0.275164 0.594241 0.747318
382 2.08776 2.39924 0.696161 -0.147518 0.250145 0.601098 0.744545
386 2.14019 2.39234 0.669728 -0.126635 0.203808 0.625784 0.742173
390 2.12366 2.39865 0.706192 -0.143489 0.156526 0.617252 0.757569
397 2.20921 2.43188 0.808724 -0.307638 0.213234 0.569674 0.731684
401 2.09671 2.41669 0.690928 -0.326475 0.253175 0.526894 0.742764
407 2.1533 2.40245 0.887892 -0.405652 0.252361 0.494688 0.725978
408 2.14649 2.40128 0.906937 -0.396315 0.233578 0.502533 0.732008
409 2.04693 2.3565 0.822568 -0.363277 0.238478 0.495093 0.752357
411 2.04916 2.33722 0.960533 -0.382471 0.242566 0.473783 0.755253
418 2.06607 2.38306 1.26658 -0.407091 0.210787 0.48781 0.742891
448 1.73548 2.10534 1.49933 0.217974 -0.654585 0.321756 0.648443
454 1.58146 2.52983 1.37651 0.217733 -0.603532 0.332536 0.691202
463 1.70062 2.12866 1.55899 0.203336 -0.615743 0.329801 0.68611
466 1.72475 2.17048 1.7189 0.216031 -0.625016 0.330514 0.673384
468 1.60287 2.22451 1.75494 0.227368 -0.617863 0.332245 0.675398
469 1.58686 2.2314 1.80442 0.229486 -0.618074 0.332206 0.674507
470 1.60474 2.23584 1.78693 0.229109 -0.614881 0.331878 0.677707
471 1.61488 2.23925 1.77618 0.228298 -0.613179 0.331814 0.679552
473 1.58515 2.16926 1.79976 0.223064 -0.611827 0.33001 0.683376
490 1.73427 1.83786 1.01423 0.263129 -0.710225 0.269872 0.59457
505 1.19398 2.23599 1.61216 0.301507 -0.726555 0.352081 0.507198
512 1.03404 1.88024 2.09277 -0.321187 0.762571 -0.343692 -0.444072
517 0.779359 1.88882 2.66804 -0.300355 0.736587 -0.373751 -0.477008
558 1.02686 2.71631 3.70604 0.312212 -0.779207 0.160451 0.519245
586 0.251549 1.94227 4.71564 -0.322117 0.811246 -0.196503 -0.446663
589 0.281759 2.10674 4.69369 -0.348972 0.812528 -0.179503 -0.43104
591 0.520207 2.03656 4.42555 -0.330918 0.805207 -0.164449 -0.463779
592 0.438398 1.88159 4.64014 -0.322477 0.812153 -0.159233 -0.459414
598 0.373814 1.67246 4.98266 -0.292069 0.839907 -0.158515 -0.429098
604 0.428237 1.70389 4.75248 -0.291623 0.810889 -0.187904 -0.471282
621 0.310609 2.06557 5.1212 0.294323 -0.765128 0.247696 0.516334
623 -0.151553 1.55914 5.51757 -0.296429 0.791377 -0.223695 -0.485606
624 -0.136446 1.73662 5.52631 -0.301361 0.777894 -0.241432 -0.495754
633 -0.0980577 1.26005 5.9303 -0.311769 0.822522 -0.213363 -0.425128
640 -0.187429 1.15512 6.2464 -0.278286 0.79591 -0.232489 -0.484802
666 -0.527376 1.19977 7.68504 -0.112054 -0.360517 0.345783 0.859014
668 -0.49624 1.26489 7.88241 -0.105238 -0.377661 0.338464 0.855417
677 -0.729069 1.30072 8.05967 -0.0749664 -0.394166 0.329107 0.854811
684 -0.844714 1.17588 8.28301 -0.109471 -0.390576 0.360174 0.840084
685 -0.892885 1.16578 8.34734 -0.109487 -0.391673 0.365701 0.837178
725 -1.75584 0.81423 9.79608 -0.0253435 -0.492202 0.371912 0.786624
732 -1.67545 0.918917 10.1019 -0.0411605 -0.564526 0.332174 0.754504
733 -1.65378 0.934272 10.1045 -0.0415233 -0.563494 0.33237 0.755169
734 -1.67874 0.832827 10.234 -0.0625882 -0.571877 0.324068 0.751012
736 -1.79641 0.735184 10.1079 -0.0690776 -0.528873 0.329332 0.779142
738 -1.81009 0.748174 10.1505 -0.0553587 -0.540888 0.329116 0.772048
740 -1.83391 0.734933 10.1606 -0.0566029 -0.532282 0.330819 0.777194
741 -1.83954 0.738719 10.1816 -0.0567826 -0.53219 0.330831 0.777239
742 -1.76925 0.794491 10.3147 -0.0548587 -0.559385 0.325899 0.760177
744 -1.87424 0.668046 10.216 -0.0679706 -0.514193 0.335985 0.786193
745 -1.88868 0.662163 10.2354 -0.0665601 -0.509744 0.336839 0.788841
747 -1.92299 0.655093 10.2698 -0.0552161 -0.505892 0.340116 0.790788
750 -1.97499 0.633755 10.3596 -0.0418303 -0.49751 0.343161 0.795597
752 -2.01762 0.646556 10.4502 -0.0235744 -0.505841 0.343802 0.790803
756 -2.10027 0.533551 10.5806 -0.00994241 -0.507092 0.359795 0.783139
762 -1.94736 -0.291181 10.6057 0.105711 -0.613644 0.305409 0.720411
