1 7.71436 -1.85398 3.43218 0.178273 0.720292 -0.39046 0.544922
4 4.35292 -1.97272 0.807223 0.0851552 0.117574 -0.0165536 0.989268
5 4.85841 -2.22205 1.16045 0.0798524 0.706445 0.0370069 0.702275
9 8.00517 -1.71125 3.21934 0.25858 0.628089 -0.540868 0.496087
17 4.22208 -1.78251 0.553154 0.0571846 0.0745431 0.000311224 0.995577
22 4.5615 -1.96272 1.15191 0.0576735 0.712776 0.0414756 0.697785
27 5.84694 -1.66442 5.74423 0.188294 0.752612 -0.102815 0.622534
159 6.37205 -0.176469 3.58487 0.219 0.499937 -0.37085 0.751381
163 4.47052 -1.74582 1.13494 0.0409424 0.672115 0.0533311 0.737388
165 5.58616 -1.41317 7.13607 0.185115 0.749306 -0.044859 0.63424
166 5.58925 -1.40545 7.13682 0.184744 0.749452 -0.0450848 0.634159
167 4.15665 -1.73505 1.11875 0.0144136 0.636905 0.0839227 0.766226
169 3.98605 -1.63956 1.42191 0.0191824 0.594311 0.0551176 0.802115
171 3.43809 -1.63282 -2.07444 -0.0522289 -0.073185 -0.00920243 0.995907
173 3.18798 -1.72814 -2.41964 -0.0669553 -0.079644 -0.00305513 0.994567
175 3.8542 -1.53258 1.11023 0.0265416 0.629229 0.0436325 0.77554
176 3.83438 -1.54689 1.15527 0.0274054 0.624704 0.0423153 0.779233
178 3.65349 -1.5182 1.35263 0.0250513 0.625102 0.0282548 0.779629
179 3.59167 -1.52125 1.51313 0.021533 0.610306 0.0229409 0.791541
180 7.71094 -2.03058 3.72215 0.0723642 0.845876 -0.134362 0.511081
183 4.22586 -0.375663 8.45431 0.180369 0.662411 -0.114236 0.718073
184 3.1235 0.0094254 8.97801 0.170059 0.611578 -0.114746 0.764124
185 7.15257 -1.35511 5.00297 0.201113 0.814143 -0.162323 0.519977
186 7.80177 -2.89985 4.1224 0.928718 0.324349 0.179415 -0.009529
187 7.83365 -2.92948 4.03674 0.929458 0.32357 0.176682 -0.0139346
188 3.2599 -1.2346 1.24598 0.0657726 0.709869 0.0171407 0.701046
191 7.70972 -1.90754 6.89528 0.187251 0.852262 -0.0884375 0.480381
193 2.95515 -1.20762 1.44163 0.0615922 0.708356 0.0125363 0.703051
194 7.74441 -1.98837 3.8246 0.0616441 0.851494 -0.140018 0.501551
196 2.22035 -1.27766 -2.68022 -0.0536167 -0.0518421 -0.0331895 0.996662
197 2.1439 2.9523 -3.41514 0.414407 -0.202402 0.0927174 0.882442
199 2.3539 -0.160829 11.1319 0.139534 0.703697 -0.0501505 0.694857
201 1.78193 -0.995636 -3.36019 -0.042358 -0.0694489 -0.0416758 0.995814
204 1.66089 -0.928641 -3.15232 -0.0382939 -0.055317 -0.0267075 0.997377
207 2.16691 -1.54498 1.75453 0.0142725 0.666783 0.00364873 0.745106
210 2.61709 0.398937 10.1628 0.122133 0.709069 -0.0722865 0.690709
