10 5.91978 -2.33546 1.08485 0.195427 0.521029 -0.0157885 0.830715
11 5.87641 -2.18845 1.0809 0.214172 0.511961 -0.0331499 0.831221
14 5.81655 -2.36704 1.10442 0.177965 0.433395 0.00147157 0.883456
15 5.79584 -2.3526 1.07967 0.167627 0.433087 -0.00106823 0.885627
16 5.78845 -2.33216 1.05662 0.162923 0.447067 0.00373566 0.87953
17 5.78273 -2.3416 1.0676 0.163093 0.446194 0.00303114 0.879944
18 5.78352 -2.34163 1.0636 0.163126 0.446481 0.00300252 0.879793
19 5.82847 -2.33563 1.03513 0.162876 0.438791 -0.00655563 0.88368
20 5.83039 -2.34143 1.01348 0.163338 0.440236 -0.00706372 0.882872
21 5.84495 -2.34826 1.02015 0.160047 0.441257 -0.00994608 0.882937
22 5.84673 -2.34672 1.01407 0.160039 0.441712 -0.00986765 0.882712
23 5.7706 -2.3624 1.15647 0.160828 0.47086 -0.00656038 0.8674
24 5.74596 -2.40375 1.19333 0.16041 0.477562 0.00441837 0.863819
25 5.78302 -2.32638 1.0615 0.162378 0.437608 -0.000282566 0.884383
26 5.73099 -2.32568 1.05003 0.152929 0.439084 0.0153496 0.885202
27 5.7398 -2.30963 1.00371 0.143248 0.436469 0.0129683 0.888148
28 5.78498 -2.35663 1.07551 0.140104 0.502562 -0.0132907 0.85301
29 5.78229 -2.36399 1.074 0.140577 0.502518 -0.0136883 0.852952
30 5.90953 -2.32192 0.932943 0.147779 0.471321 -0.0290507 0.869008
31 5.96133 -2.11798 0.891775 0.186123 0.451794 -0.0685681 0.869793
35 5.674 -2.33641 1.08178 0.138116 0.667014 0.0471961 0.730608
38 5.74403 -2.23775 0.98491 0.144238 0.67829 0.0791529 0.716138
39 5.74405 -2.23978 0.980644 0.14447 0.678476 0.0791102 0.715919
40 5.74345 -2.2427 0.978077 0.144716 0.678563 0.0789948 0.7158
41 5.74303 -2.24566 0.974328 0.144981 0.678715 0.0788762 0.715615
42 5.74235 -2.24907 0.971383 0.145269 0.678813 0.0787448 0.715478
43 5.76767 -2.26059 0.977781 0.145014 0.679099 0.0780516 0.715334
44 5.76602 -2.26524 0.977198 0.145343 0.679044 0.0778531 0.715342
45 5.74014 -2.46889 0.916229 0.108577 0.676612 0.104613 0.720738
47 5.8198 -2.25896 0.977915 0.156801 0.674974 0.0719385 0.71739
48 5.81905 -2.26182 0.976003 0.157029 0.675022 0.0718231 0.717307
49 5.83088 -2.26039 0.956099 0.154375 0.683982 0.0694221 0.70959
50 5.83152 -2.2602 0.952759 0.154429 0.684159 0.0694594 0.709404
51 5.83313 -2.26045 0.94362 0.154587 0.684654 0.0694688 0.70889
52 5.8278 -2.21589 0.924791 0.160815 0.680246 0.0623458 0.712402
53 5.83011 -2.26499 0.960585 0.155265 0.685791 0.07045 0.707545
54 5.83152 -2.26581 0.951384 0.155462 0.686278 0.0704332 0.707031
55 5.8314 -2.26684 0.950018 0.15555 0.686335 0.0703872 0.706961
56 5.82833 -2.27108 0.95897 0.155661 0.685792 0.0701332 0.707488
57 5.82787 -2.27311 0.957743 0.155825 0.685818 0.0700618 0.707435
59 5.63914 -2.26594 0.499394 0.133048 0.52936 0.0587241 0.83584
60 5.64732 -2.52414 1.0139 0.117627 0.503257 0.0888784 0.851468
62 6.17836 -1.62142 3.07832 0.337086 0.758988 -0.0896251 0.549797
63 5.57086 -2.35573 1.24428 0.143905 0.537127 0.0714428 0.828059
64 5.64377 -2.30469 1.08024 0.142493 0.504083 0.0652588 0.849316
65 5.64712 -2.29489 1.08292 0.141908 0.504079 0.0658692 0.849369
76 5.88395 -1.82793 0.778179 0.200304 0.690881 0.0217953 0.694325
86 5.8772 -2.26149 0.936469 0.150073 0.666366 0.0573551 0.728111
87 5.87521 -2.26407 0.942643 0.150132 0.665986 0.0571994 0.728458
88 5.88091 -2.22271 0.894163 0.154598 0.660815 0.0503255 0.732728
89 5.87948 -2.26802 0.937524 0.149443 0.668708 0.0586552 0.725986
90 5.88533 -2.229 0.88129 0.152498 0.66045 0.04999 0.733519
91 5.88013 -2.1917 0.913816 0.159358 0.662574 0.0413676 0.730677
94 5.93066 -2.0459 0.856715 0.178823 0.600795 -0.00569753 0.779125
95 5.91724 -2.2696 0.904453 0.145876 0.609993 0.0241349 0.77849
98 5.9955 -2.28168 0.849672 0.147956 0.615654 0.00109691 0.774001
99 5.93562 -2.30961 0.953224 0.146483 0.637488 -0.000693639 0.756407
100 6.03697 -2.24533 0.779391 0.156541 0.603002 -0.018671 0.782007
101 6.03799 -2.27118 0.801043 0.15603 0.611945 -0.0225805 0.775028
102 6.06881 -2.14689 0.764632 0.176799 0.594088 -0.0544519 0.782839
105 6.07764 -2.29205 0.7927 0.151226 0.583855 -0.0441981 0.796424
111 5.98617 -2.26205 0.795886 0.129678 0.500861 -0.0483929 0.854389
112 5.75319 -2.32819 0.967879 0.108604 0.53408 -0.0147571 0.8383
113 5.77334 -2.34672 0.96684 0.105148 0.532133 -0.0110593 0.840033
115 5.80286 -2.25066 0.92188 0.11092 0.527331 -0.0303458 0.841842
116 5.34183 -2.68199 1.46049 0.066604 0.589059 -0.00963539 0.805283
117 5.75711 -2.33772 0.953193 0.100481 0.536185 -0.00858317 0.838055
118 5.73188 -2.31259 0.947363 0.10182 0.536457 -0.012242 0.837673
119 5.88984 -2.22792 0.768301 0.106542 0.497115 -0.0360959 0.860362
120 5.89219 -2.22662 0.755707 0.106596 0.497991 -0.0359941 0.859853
121 5.72116 -2.31523 0.938345 0.0981887 0.540087 -0.00995122 0.835803
122 5.71866 -2.30163 0.932392 0.098487 0.539952 -0.0127495 0.835817
123 5.72224 -2.31514 0.929471 0.0960408 0.540263 -0.0108131 0.835928
124 5.76501 -2.25482 0.894736 0.0995682 0.532438 -0.0277127 0.840136
126 5.71954 -2.31204 0.916671 0.0941401 0.546784 -0.0106985 0.831896
127 5.92901 -2.22326 0.705357 0.0993798 0.510048 -0.0488689 0.852987
128 5.92859 -2.22568 0.702098 0.099577 0.510225 -0.0489767 0.852852
129 5.92772 -2.22869 0.700638 0.0997902 0.510275 -0.0491242 0.852788
130 5.7629 -2.31242 0.881317 0.0934502 0.551776 -0.0243722 0.828382
131 5.61266 -2.95557 1.30626 0.0287454 0.582965 -0.0236098 0.811646
132 5.79912 -2.32547 0.8829 0.0937914 0.550805 -0.0248687 0.828974
133 5.79549 -2.32503 0.885278 0.0948096 0.551656 -0.025021 0.828288
134 5.80456 -2.3302 0.887934 0.095456 0.552169 -0.024816 0.827878
135 5.96808 -2.23355 0.709839 0.105136 0.509269 -0.0536125 0.852477
136 5.96843 -2.23626 0.700183 0.105366 0.509885 -0.0537551 0.852072
137 5.96843 -2.23626 0.700183 0.105366 0.509885 -0.0537551 0.852072
138 5.96767 -2.24088 0.693772 0.105666 0.510264 -0.0540237 0.85179
139 5.97613 -2.24652 0.716861 0.107709 0.508762 -0.0524618 0.85253
140 5.78989 -2.32423 0.903509 0.102055 0.552957 -0.0272779 0.826486
141 5.79343 -2.32722 0.905431 0.10265 0.552786 -0.0270321 0.826535
142 5.82138 -2.34048 0.907532 0.101935 0.550495 -0.0263911 0.828172
143 5.82604 -2.34267 0.910273 0.102392 0.550552 -0.0262298 0.828083
144 5.7714 -2.32761 0.920937 0.104564 0.554617 -0.0261211 0.825096
145 5.76273 -2.36251 0.930406 0.101201 0.557017 -0.0184054 0.824106
146 5.83094 -2.34287 0.914465 0.104071 0.55057 -0.0263031 0.827859
147 5.85342 -2.26874 0.87656 0.110423 0.542726 -0.0456968 0.831365
148 5.87719 -2.37199 0.978848 0.10114 0.551278 -0.0205631 0.827913
149 5.82965 -2.34698 0.917748 0.104496 0.550863 -0.0249608 0.827652
150 5.69329 -3.16635 1.3934 0.0201519 0.582546 -0.0276858 0.812076
151 5.78793 -2.33375 0.91981 0.105945 0.554106 -0.02535 0.825287
152 5.66 -3.21347 1.43708 0.0151062 0.586855 -0.0283918 0.809053
153 5.82763 -2.34423 0.919373 0.104918 0.551314 -0.0250181 0.827296
154 5.82925 -2.34343 0.9191 0.104884 0.551589 -0.0249725 0.827118
155 5.99077 -2.42347 0.624508 0.0855123 0.490864 -0.017991 0.866843
157 5.96821 -2.23955 0.74237 0.114846 0.516765 -0.0497428 0.84693
160 5.97042 -2.24547 0.746231 0.113938 0.504201 -0.0504138 0.854551
165 5.985 -2.23991 0.716317 0.114985 0.510953 -0.0552239 0.850092
173 6.00733 -2.27912 0.632419 0.122426 0.569507 -0.0463489 0.811496
175 6.01284 -2.22333 0.614689 0.144081 0.56968 -0.048932 0.807658
177 6.01885 -2.26355 0.932461 0.172408 0.585888 -0.0379406 0.79093
178 5.94188 -2.28321 1.08702 0.174784 0.614732 -0.0326441 0.768433
179 5.93739 -2.29746 1.12089 0.177991 0.619554 -0.02807 0.763993
187 5.90994 -2.352 1.18349 0.218826 0.563148 0.00172976 0.796854
198 6.05271 -2.10311 1.17099 0.248148 0.539196 -0.0464204 0.803452
205 6.05202 -2.23943 1.1071 0.205526 0.594024 -0.0243366 0.777368
234 6.08157 -2.15266 1.24533 0.292692 0.614628 -0.0408965 0.731363
240 6.09757 -2.25197 2.51442 0.365184 0.790514 -0.0247826 0.491034
241 6.02568 -2.38422 1.58529 0.28334 0.651413 0.0318219 0.703112
242 6.02374 -2.38724 1.58799 0.283481 0.651193 0.0316886 0.703265
243 6.01817 -2.39864 1.59172 0.284112 0.650698 0.0311912 0.703491
245 5.87166 -2.24361 1.32319 0.28799 0.595469 0.00583101 0.749963
246 6.0648 -2.00342 1.48252 0.337094 0.596975 -0.0480506 0.726416
248 6.02509 -2.03344 1.48915 0.325162 0.610997 -0.0426702 0.720508
249 5.85929 -2.23787 1.45628 0.288294 0.62348 -0.0016758 0.726744
252 5.93832 -1.74611 1.61172 0.358377 0.606758 -0.0923462 0.703479
254 6.27931 -1.71752 2.64821 0.410735 0.737982 -0.144406 0.515584
271 5.69842 -1.61342 1.5196 0.345975 0.572333 -0.0567485 0.741293
275 5.53758 -2.32594 2.7277 0.287502 0.77048 0.0310235 0.568103
281 5.85584 -1.36974 2.78877 0.383197 0.719718 -0.122842 0.565752
283 5.33659 -2.09339 1.47651 0.238664 0.608847 0.0208914 0.756246
322 4.63675 -2.11865 1.79723 0.179962 0.332777 -0.0684309 0.923142
324 4.58632 -2.10978 1.82893 0.174877 0.334467 -0.0740381 0.923075
337 3.96616 -2.0774 2.3351 0.151587 0.412328 -0.0547367 0.896666
338 3.95359 -2.07121 2.36153 0.150891 0.409769 -0.0543941 0.897977
339 3.95633 -2.06358 2.36343 0.150271 0.409813 -0.0538817 0.898092
340 4.22122 -2.03669 1.85784 0.158181 0.362174 -0.0405775 0.917694
352 3.80306 -2.06115 2.26103 0.132305 0.51389 -0.00303976 0.847587
353 4.20283 -1.87755 1.75674 0.140795 0.461948 -0.00619305 0.875638
355 3.80124 -1.99044 2.13709 0.119579 0.503447 -0.0130991 0.855611
356 3.81712 -1.96487 2.13151 0.117346 0.504787 -0.011442 0.855155
357 3.82056 -1.95297 2.13599 0.116096 0.50477 -0.0109567 0.855341
359 4.29942 -1.68632 1.27281 0.114836 0.421733 -0.0402541 0.898517
360 4.31172 -1.68226 1.23924 0.114923 0.425123 -0.0398623 0.896925
362 4.17659 -1.84038 1.53453 0.102337 0.458514 -0.0229038 0.882478
365 4.19354 -1.6397 1.56048 0.103995 0.467602 -0.047637 0.876507
375 4.23911 -1.60368 1.19402 0.0549369 0.418831 -0.0772299 0.903105
399 4.37153 -1.60306 0.761036 0.0269408 0.381355 -0.103539 0.918217
404 4.11549 -2.02073 1.06643 -0.010649 0.428836 -0.0654109 0.900948
405 3.67539 -2.02959 1.54689 -0.015905 0.478194 -0.0851123 0.873976
407 3.95516 -1.76737 1.15869 0.00229089 0.429879 -0.104494 0.896816
408 3.64381 -2.07682 1.56962 -0.0272566 0.463458 -0.099645 0.880076
415 4.00009 -1.67224 1.08595 0.00650959 0.386885 -0.120201 0.914237
419 4.06847 -1.55805 1.02209 0.0143167 0.360989 -0.142731 0.921471
422 3.2563 -1.79631 1.78225 0.00767709 0.460832 -0.0914035 0.882734
423 3.22789 -1.81718 1.81251 0.00975887 0.456644 -0.0938448 0.884632
424 4.00268 -1.55994 1.04014 0.0201705 0.375485 -0.132579 0.917075
427 3.77342 -1.73521 1.17631 0.0205434 0.396719 -0.0924965 0.913037
428 3.14595 -1.76439 1.79462 0.0126339 0.467346 -0.0797883 0.880376
429 3.37918 -2.13945 1.74361 -0.0212308 0.451796 -0.0881647 0.8875
430 3.33558 -1.71149 2.00965 0.0146707 0.467705 -0.0858848 0.87958
437 3.43741 -1.72486 1.37293 0.0229607 0.411357 -0.0251145 0.910839
438 3.28121 -1.99454 1.80135 -0.00130624 0.442369 -0.0242864 0.896504
439 3.2833 -1.98802 1.79632 -0.000822488 0.44229 -0.0221319 0.896598
440 3.23561 -1.79392 1.68073 0.018182 0.441132 -0.0150806 0.897131
441 3.81078 -1.52098 1.12321 0.0277906 0.378922 -0.0449329 0.923919
442 3.48533 -1.64976 1.29333 0.0278076 0.402866 -0.0172124 0.914674
444 3.62261 -1.38258 1.36753 0.0335201 0.402231 -0.0498643 0.913564
445 3.62103 -1.37869 1.37552 0.0331003 0.40136 -0.0496067 0.913977
446 3.62247 -1.37315 1.37722 0.0326179 0.401246 -0.0491093 0.914071
447 3.54829 -1.62361 1.29607 0.0226546 0.396971 -0.0223924 0.917278
448 3.53312 -2.33657 1.65207 -0.0374294 0.408919 0.000360027 0.911803
449 3.77348 -1.51867 1.12503 0.0235679 0.374326 -0.0356022 0.926314
450 3.66332 -1.60222 1.20151 0.0231982 0.383134 -0.0204568 0.923175
451 3.66512 -1.59794 1.2013 0.0227643 0.383269 -0.0201203 0.923137
452 3.61936 -1.60974 1.21457 0.0222446 0.385291 -0.0170693 0.922369
454 3.55415 -1.56633 1.36592 0.0209627 0.394594 -0.023265 0.918322
455 3.12832 -2.11984 1.83365 -0.0197252 0.436531 -0.00534546 0.899457
456 3.68367 -1.49197 1.21096 0.0211097 0.380761 -0.0306126 0.923925
457 3.25572 -1.76389 1.60235 0.0142221 0.422017 0.00347446 0.90647
459 3.4885 -1.0641 1.72992 0.0759866 0.405059 0.0332879 0.910519
460 3.74814 -1.77067 1.17527 0.0148672 0.374847 0.00796543 0.926933
462 9.98119 -2.64938 -0.789915 -0.0657582 -0.144059 0.0245365 0.987077
463 3.44267 -1.74012 1.35997 0.013365 0.405372 0.012745 0.913965
464 3.58039 -1.05571 1.71402 0.0731085 0.399853 0.0383976 0.912852
467 3.35273 -1.63961 1.29408 0.0130346 0.412742 0.00732013 0.910725
469 3.68673 -1.4192 1.15157 0.0144252 0.39195 -0.0293162 0.919406
470 3.16393 -1.71589 2.02043 0.0055145 0.46487 0.00491325 0.885348
471 3.44865 -1.59238 1.27698 0.00945238 0.411015 -0.00490816 0.911566
472 3.4508 -1.59168 1.27207 0.00949381 0.411604 -0.00473556 0.911301
473 3.4504 -1.82048 1.36989 -0.000613545 0.415821 0.0140203 0.909338
475 3.57287 -1.45973 1.25239 0.011379 0.406244 -0.0230719 0.913402
476 3.57243 -1.46082 1.25238 0.0114771 0.406227 -0.0231717 0.913406
477 3.11088 -1.75131 1.68878 0.00265721 0.447747 0.00846732 0.894117
479 3.72868 -1.52378 1.10188 0.00325774 0.385654 -0.0272382 0.922236
483 3.94757 -1.58343 1.31525 0.0186411 0.365807 -0.000423821 0.930504
484 3.94865 -1.58776 1.30737 0.019109 0.36659 -0.000707698 0.930186
485 3.35499 -1.49139 1.47885 0.0158273 0.417497 -0.0322413 0.907968
486 3.621 -1.67688 1.2285 0.0131649 0.392758 -0.0164639 0.9194
489 3.31899 -1.53806 1.55993 0.0150892 0.445662 -0.0458913 0.893897
490 3.31412 -1.54621 1.56233 0.0159407 0.445174 -0.0465773 0.89409
492 3.27844 -1.99332 1.6734 -0.0213012 0.472055 -0.0541804 0.879645
495 3.24207 -1.98867 1.68817 -0.0155365 0.495103 -0.0616175 0.866507
498 3.04912 -2.38672 1.79265 -0.0379713 0.532783 -0.103163 0.839082
510 3.92931 -1.42507 0.859217 0.0565724 0.449331 -0.172334 0.874759
513 9.64088 -2.70864 -0.821453 0.0204713 -0.0091562 -0.0934889 0.995368
514 3.83696 -1.40645 1.02505 0.055085 0.471381 -0.167562 0.864111
515 3.21077 -2.0364 1.74441 0.00475056 0.535188 -0.137478 0.833457
516 3.60141 -1.81478 1.15889 0.0328132 0.491385 -0.120034 0.862007
519 3.34451 -1.61171 1.31156 0.0394512 0.481823 -0.134206 0.865031
520 3.36811 -1.63487 1.36527 0.04068 0.483922 -0.123951 0.865333
521 3.33899 -1.68056 1.33801 0.0363061 0.485496 -0.121611 0.864978
522 3.12538 -2.02857 1.54643 0.00145844 0.49947 -0.122875 0.857572
531 3.44407 -1.32228 1.17774 0.0511337 0.469226 -0.141629 0.870146
536 2.9364 -1.49497 1.55886 0.0670665 0.54654 -0.107761 0.827758
537 3.33968 -1.30934 1.15847 0.0730243 0.500881 -0.139592 0.851058
539 2.9043 -1.64128 1.51279 0.0601206 0.543126 -0.0995255 0.831561
555 3.11064 -0.964831 1.32628 0.163111 0.826127 -0.0442524 0.537542
579 2.83156 -1.57398 1.83568 0.0373996 0.200213 -0.132324 0.970055
581 3.15007 -1.71846 1.90991 0.0322172 0.159442 -0.113028 0.980186
592 1.94711 -1.69849 2.30878 0.00553094 0.32854 -0.12503 0.936162
593 3.05746 -1.85027 1.35918 0.0138806 0.210872 -0.106503 0.971595
597 2.02268 -1.6558 2.14303 0.0132596 0.332301 -0.105797 0.937127
600 2.14843 -1.67036 2.05716 0.0133229 0.298308 -0.0963604 0.9495
602 8.41009 -2.93276 -0.0350666 -0.041596 -0.25995 -0.0226813 0.964459
604 9.26543 -2.82636 0.173006 -0.035299 -0.346927 -0.0237951 0.936926
614 1.5743 -1.98097 2.27046 -0.0103279 0.382431 -0.0350323 0.923262
622 1.3063 -1.01663 2.16245 0.0921202 0.572921 0.00572805 0.814397
624 2.25 0.343208 1.50797 0.140685 0.537908 -0.0938062 0.825871
625 2.25255 0.303599 1.55194 0.170415 0.545879 -0.0383323 0.819454
626 1.34668 -1.95219 3.02835 0.0616496 0.651703 0.0683441 0.752869
632 1.76442 -0.687669 2.469 0.152443 0.625363 0.0555995 0.763276
634 9.00769 -2.88328 0.231945 -0.0984034 0.027724 0.173007 0.9796
642 2.14108 0.285891 1.88316 0.204391 0.620939 0.0270758 0.756257
647 1.60285 -1.95397 3.21521 0.108363 0.723817 0.158944 0.662633
657 1.89618 -0.904448 2.48636 0.183593 0.691163 0.0914324 0.692984
661 2.42117 0.150675 1.92104 0.223087 0.632241 -0.00707259 0.741926
664 1.88438 -1.95616 2.98638 0.143591 0.74233 0.140095 0.639298
666 1.77307 -1.20213 1.81145 0.167795 0.65649 0.111764 0.726894
672 2.7408 0.346306 2.14234 0.261563 0.672787 -0.0257748 0.691576
675 2.0256 -1.08252 1.87163 0.191496 0.687469 0.0792312 0.696016
679 2.21216 -0.945335 2.74809 0.208068 0.714728 0.0310536 0.667013
683 2.22638 -0.882009 2.34262 0.201098 0.711981 0.022932 0.672396
685 2.07161 -1.26202 1.71459 0.175916 0.689742 0.0761262 0.698222
686 2.0996 -1.23475 1.72909 0.172776 0.693612 0.0676135 0.696045
687 2.18479 -0.846277 1.66661 0.179836 0.688914 0.00658548 0.702149
692 2.18927 -0.925545 1.4762 0.179287 0.758513 0.0138373 0.626356
706 2.23272 -0.948444 1.30188 0.211533 0.887606 0.0870563 0.399789
707 2.2383 -0.969118 1.3029 0.216319 0.886767 0.0920128 0.397974
708 2.26263 -1.0334 1.25407 0.217001 0.886298 0.110322 0.393973
710 2.25478 -0.901635 1.30257 0.212747 0.899688 0.0659757 0.375431
713 2.31307 -0.991076 1.2699 0.221478 0.920148 0.104698 0.305473
714 2.31384 -0.980197 1.23766 0.220978 0.919422 0.0966095 0.310641
715 2.34842 -1.07228 1.2058 0.225762 0.920729 0.127053 0.2918
716 2.3585 -1.04221 1.24553 0.230021 0.924945 0.108263 0.28257
717 2.33166 -1.09529 1.2139 0.230311 0.918989 0.121622 0.296014
718 2.37014 -1.03635 1.18888 0.227974 0.921437 0.0946484 0.300041
719 2.38987 -1.11557 1.14814 0.230848 0.919037 0.122255 0.295183
720 2.40167 -1.06823 1.16899 0.231517 0.922368 0.0972807 0.293554
721 2.43502 -1.09851 1.20041 0.234423 0.927537 0.10566 0.271213
722 2.44782 -1.11683 1.18403 0.236097 0.926341 0.110711 0.271833
723 2.47357 -1.12641 1.18499 0.236011 0.928494 0.113831 0.263136
724 2.4818 -1.11794 1.16979 0.235669 0.926984 0.111363 0.26974
725 2.47663 -1.1084 1.17593 0.237715 0.927465 0.110317 0.266702
726 2.4681 -1.12792 1.19903 0.239399 0.926813 0.115347 0.265331
727 2.54194 -1.20497 1.12198 0.238471 0.926024 0.143179 0.255169
728 2.55423 -1.17524 1.14444 0.238019 0.92968 0.12387 0.252387
729 2.56976 -1.22376 1.10591 0.238683 0.927624 0.145526 0.247723
730 2.57626 -1.19916 1.12477 0.241211 0.928864 0.126246 0.25118
731 2.61132 -1.22865 1.13257 0.240864 0.93186 0.133225 0.236374
732 2.63357 -1.19347 1.14903 0.241538 0.931504 0.103124 0.251646
733 2.64611 -1.19568 1.14165 0.242005 0.931089 0.100537 0.253769
734 2.66662 -1.25674 1.0954 0.243062 0.929443 0.128286 0.24617
736 2.68346 -1.20636 1.10478 0.244589 0.92354 0.0864902 0.282435
737 2.66473 -1.24972 1.07895 0.245876 0.917803 0.10412 0.29384
738 2.65739 -1.23777 1.06393 0.245188 0.910595 0.0907574 0.320099
741 2.74866 -1.26119 1.01033 0.241708 0.90067 0.0719906 0.353819
742 2.76116 -1.29327 0.96043 0.236923 0.899559 0.0917519 0.355307
754 3.00655 -1.36223 0.859636 0.21932 0.867704 0.070595 0.440461
755 2.98623 -1.41166 0.897131 0.211206 0.872235 0.0787975 0.434039
756 2.98531 -1.41075 0.902516 0.210993 0.871932 0.0788232 0.434744
760 2.9889 -1.3741 0.867138 0.214001 0.863145 0.0771948 0.450806
762 2.9073 -1.26242 0.892339 0.206697 0.857926 0.0356752 0.469005
765 2.92719 -1.34262 0.921256 0.206973 0.862715 0.0687954 0.456237
766 2.93296 -1.33775 0.886219 0.205476 0.85759 0.0671051 0.466708
767 2.93049 -1.33124 0.889144 0.204772 0.857888 0.0658609 0.466647
768 2.9037 -1.36385 0.883697 0.203965 0.855588 0.0820454 0.468653
769 2.89959 -1.29089 0.914353 0.203815 0.858823 0.0547476 0.466782
770 2.92721 -1.35323 0.905531 0.201027 0.860893 0.0770852 0.460987
772 2.88931 -1.2806 0.890554 0.195469 0.854616 0.0507617 0.478379
773 2.90625 -1.31874 0.890779 0.198313 0.85623 0.0677253 0.472182
774 2.90012 -1.31527 0.994232 0.199914 0.870207 0.0652845 0.445546
776 2.86149 -1.26853 0.899819 0.192444 0.853755 0.054216 0.480757
777 2.90315 -1.35324 0.898799 0.193004 0.855371 0.0847431 0.47319
790 3.01474 -1.09721 1.38351 0.198745 0.838858 0.04078 0.505129
806 3.13762 -1.28266 0.883513 0.206842 0.916726 0.0710498 0.334338
807 3.10919 -1.26692 0.899705 0.208424 0.915113 0.0608094 0.339749
808 3.13584 -1.27423 0.84348 0.205875 0.913098 0.0543492 0.347726
809 3.14964 -1.2823 0.810881 0.205019 0.910496 0.0431213 0.356516
811 3.22611 -1.31584 0.726762 0.199999 0.911679 0.0403276 0.356673
812 3.22156 -1.28834 0.732321 0.201901 0.912354 0.0241779 0.355332
814 3.23634 -1.30473 0.664085 0.185071 0.881493 -0.00628636 0.434372
843 3.24055 -1.65309 2.3526 0.060566 0.391493 -0.251593 0.883043
844 3.18234 -2.00441 2.10846 0.0361556 0.374313 -0.247246 0.893002
856 3.14503 -2.13743 2.34969 0.0300051 0.277003 -0.210269 0.9371
877 2.68078 -2.63681 2.89714 -0.0172686 0.306292 -0.138857 0.941597
887 2.6697 -2.47892 2.54802 -0.0444476 0.324402 -0.0502455 0.943538
888 3.20354 -1.93259 1.65308 0.0322168 0.259145 -0.0355442 0.964646
898 2.60546 -1.25668 2.1026 0.0645407 0.354127 -0.0714339 0.930229
899 2.6031 -1.25853 2.10432 0.0648336 0.353733 -0.0714911 0.930354
900 2.28542 -1.53659 2.23925 0.0500251 0.372056 -0.0493545 0.925546
901 2.28224 -1.53447 2.24424 0.0497615 0.371244 -0.0491955 0.925895
903 2.74202 -1.42041 2.08612 0.0626994 0.336744 -0.0469209 0.938334
904 2.20698 -1.58495 2.48596 0.0439919 0.3918 -0.0460937 0.917841
909 2.49421 -1.31651 2.32992 0.0604954 0.376264 -0.0538672 0.922965
913 2.68801 -1.15081 1.80985 0.0513808 0.348673 -0.0768418 0.932675
918 2.16184 -1.37395 2.32742 0.0405355 0.380972 -0.0582012 0.921862
928 2.56476 -2.1291 2.25617 -0.0421209 0.163232 -0.0447654 0.984671
943 8.35734 -2.8627 0.195415 -0.0814715 -0.184351 0.0127213 0.979395
946 2.71787 -1.25149 1.75118 0.0379821 0.346174 -0.0721654 0.934619
947 2.7153 -1.25258 1.75431 0.0381462 0.345615 -0.0722485 0.934813
948 2.13078 -1.37546 2.08241 0.0217171 0.392509 -0.0735259 0.916547
949 4.0829 -2.53885 0.758678 -0.0497387 0.205213 -0.0182594 0.977282
950 2.60595 -1.55357 1.8483 0.0140827 0.357051 -0.0654729 0.931681
951 2.22992 -1.70972 2.17124 -0.00552438 0.392727 -0.070706 0.916916
952 2.23071 -1.71108 2.16966 -0.00528566 0.392894 -0.0706372 0.916851
953 2.69448 -0.909658 1.58339 0.0379956 0.350466 -0.121163 0.927928
956 3.01918 -1.52046 1.43586 0.019165 0.313853 -0.0728881 0.946476
962 2.32593 -2.10906 2.06862 -0.0388322 0.418785 -0.0666148 0.904806
969 2.931 -1.7407 1.49943 -0.0035033 0.286091 -0.0717771 0.955504
973 2.54012 -1.70123 2.08409 -0.00706172 0.330283 -0.0811553 0.94036
976 2.37676 -2.00175 2.02714 -0.0321392 0.345821 -0.07403 0.934823
977 2.38999 -1.45199 1.96498 0.0207116 0.342042 -0.0747592 0.936477
979 2.64835 -2.4373 2.13535 -0.0744104 0.318159 -0.06238 0.943052
984 2.41139 -1.78749 1.98715 -0.00450318 0.345575 -0.0628023 0.936276
989 3.00491 -1.84259 1.48431 0.00967989 0.390795 -0.00536877 0.920411
992 2.77751 -1.06468 1.52701 0.0494447 0.430246 -0.0593137 0.899403
997 2.57112 -1.91721 2.00147 0.0053126 0.468502 -0.0401731 0.882533
998 2.57663 -1.92807 1.98458 0.00686455 0.470515 -0.0404362 0.881438
1000 3.14181 -0.94317 1.2459 0.0732576 0.422328 -0.109701 0.896793
1004 3.12425 -1.15641 1.45185 0.0659328 0.451231 -0.113747 0.882669
1013 3.54447 -1.12873 0.824767 0.157986 0.650075 -0.114975 0.734319
1022 3.237 -1.43084 1.51016 0.148822 0.674238 -0.0757518 0.719386
1029 3.10298 -1.33453 1.73929 0.147769 0.695065 -0.0611076 0.700938
1033 3.14494 -1.40892 1.5268 0.142617 0.702057 -0.0301567 0.697042
1034 3.14348 -1.40207 1.53293 0.142767 0.701069 -0.0271966 0.698126
1038 3.17666 -1.32334 1.5491 0.153711 0.695887 -0.0195853 0.701235
1039 2.97747 -1.57244 1.78959 0.141982 0.716286 0.00685425 0.683175
1042 3.08859 -1.38569 1.63123 0.153845 0.700557 -0.00532226 0.696795
1049 3.0831 -1.30387 1.61241 0.155445 0.692453 0.00114357 0.704517
1050 3.08952 -1.29817 1.60419 0.154933 0.693433 0.00186071 0.703664
1051 2.94765 -1.40045 1.69222 0.145139 0.700435 0.0116492 0.698706
1056 3.07968 -1.23307 1.11942 0.139271 0.663874 -0.00850348 0.734712
1060 3.05297 -0.897617 1.35076 0.165888 0.706872 -0.023171 0.687224
1061 2.95052 -0.974675 1.62002 0.159657 0.72611 -0.0217177 0.668433
1082 2.87781 -1.12646 1.22902 0.102105 0.735991 -0.0531356 0.667134
1084 2.9028 -1.11414 1.31854 0.106706 0.73796 -0.050887 0.664409
1085 2.90293 -1.11434 1.31809 0.106743 0.737999 -0.0508702 0.664361
1086 2.87441 -1.11412 1.29945 0.108099 0.737407 -0.0463954 0.665126
1096 2.83944 -1.24595 1.66597 0.12129 0.752127 0.00282109 0.647754
1100 2.91474 -1.16645 1.65562 0.142087 0.752508 0.0201486 0.642757
1103 3.04248 -0.799225 1.48004 0.176975 0.73471 0.0153818 0.654709
1107 2.99553 -0.994765 1.38984 0.165323 0.72938 0.0367259 0.662816
1110 2.74935 -1.3315 2.09812 0.155263 0.772197 0.0667987 0.612489
1112 2.93064 -1.09716 1.51784 0.167179 0.740607 0.0566885 0.648335
1137 3.14938 -1.35123 0.93634 0.204414 0.925324 0.0441106 0.316298
1138 3.13626 -1.32476 0.917923 0.202267 0.922598 0.0272169 0.327355
1139 3.15201 -1.35867 0.895986 0.199547 0.924072 0.0393826 0.323607
1140 3.15382 -1.35543 0.876009 0.198782 0.922214 0.0346705 0.329857
1142 3.15121 -1.34682 0.841378 0.197797 0.919146 0.0255807 0.339694
1143 3.15143 -1.34758 0.831842 0.194035 0.919058 0.0212098 0.342393
1144 3.16662 -1.37412 0.804046 0.19275 0.918938 0.0323361 0.342572
1145 3.15955 -1.37859 0.832981 0.189734 0.923546 0.032043 0.331717
1146 3.16601 -1.36983 0.785426 0.191577 0.918802 0.0290258 0.343887
1147 3.16616 -1.37128 0.780722 0.191818 0.918975 0.0290022 0.343294
1148 3.15267 -1.34586 0.795685 0.194418 0.919194 0.0173125 0.342031
1149 3.1652 -1.367 0.765974 0.19079 0.918123 0.0242667 0.346498
1150 3.13857 -1.36408 0.760247 0.186304 0.916291 0.0196039 0.354002
1171 2.7826 -1.90597 2.32922 0.076487 0.480205 -0.110107 0.86685
1179 3.11336 -1.4686 1.82307 0.10297 0.38504 -0.118978 0.909387
1182 2.82694 -1.66489 2.03692 0.0914906 0.398914 -0.100115 0.906903
1184 10.3769 -2.72117 -0.80763 0.0498158 -0.243841 -0.0084297 0.968498
1187 3.27165 -1.60772 1.84471 0.0935411 0.358225 -0.0915181 0.924418
1190 2.79468 -1.64884 2.01117 0.0844794 0.390185 -0.0945973 0.91196
1191 2.81601 -1.63627 1.99107 0.0833155 0.393519 -0.0929151 0.910806
1193 2.59406 -1.58505 2.30211 0.0818432 0.41432 -0.0946117 0.901493
1194 2.99545 -1.87088 1.46132 0.0616628 0.342498 -0.0800935 0.934065
1195 2.60076 -1.72764 2.27246 0.065358 0.408686 -0.090581 0.905814
1196 2.57939 -1.71897 2.30283 0.0642442 0.404332 -0.0907435 0.907829
1203 3.01753 -1.27366 1.61859 0.103421 0.492782 -0.110434 0.856898
1214 2.97577 -1.28381 1.66991 0.105236 0.400717 -0.14523 0.898476
1224 3.1647 -1.33142 1.41096 0.10695 0.427282 -0.144266 0.886103
1228 2.71085 -1.48203 2.2994 0.0889247 0.48359 -0.133366 0.860492
1232 3.1272 -1.39287 1.42629 0.0827223 0.437108 -0.147812 0.883315
1240 3.28225 -1.01843 1.0193 0.100163 0.422639 -0.177051 0.883174
1246 3.09255 -1.23039 1.4201 0.076952 0.410818 -0.16372 0.89359
