1 7.95348 0.091813 1.18338 -0.66781 0.742779 0.014751 0.0457328
2 7.95924 0.119685 1.20171 -0.689884 0.723474 0.00633517 0.0245974
3 8.00163 0.16638 1.21436 -0.686066 0.727359 0.0159177 0.00293512
4 8.01699 0.189087 1.20942 -0.679301 0.733662 0.0157626 0.00653627
5 8.07625 0.157592 1.20197 -0.69795 0.715946 0.0141543 0.00931603
6 8.09793 0.144167 1.20046 -0.704124 0.709912 0.0118581 0.00967781
7 8.10577 0.130449 1.20142 -0.699169 0.71466 0.00729702 0.0192121
8 8.14047 0.145469 1.21354 -0.691155 0.722525 0.0128147 0.00990478
9 8.12498 0.122796 1.20083 -0.686824 0.726561 0.00608446 0.0185479
10 8.1337 0.120929 1.20075 -0.683275 0.729923 0.00695167 0.0173077
11 8.12819 0.112801 1.20029 -0.67447 0.738093 0.00724443 0.0160098
12 8.12285 0.103137 1.20154 -0.676004 0.736704 0.00738084 0.0152037
13 8.08982 0.0936143 1.20163 -0.678978 0.733881 0.00587182 0.0193299
14 8.07707 0.0951965 1.20215 -0.680254 0.732704 0.00547522 0.0192068
15 8.06477 0.0851373 1.20312 -0.68361 0.729644 0.010985 0.0133218
16 8.05104 0.0900332 1.20523 -0.683978 0.729293 0.010026 0.0143511
17 8.04248 0.101047 1.20693 -0.695755 0.71817 0.0114202 0.0052511
18 8.00979 0.120568 1.20297 -0.685798 0.727477 0.00718788 0.0201897
19 8.0138 0.126466 1.20581 -0.689995 0.723536 0.0135582 0.0148013
20 8.00659 0.140522 1.20749 -0.690099 0.723411 0.0125846 0.0167967
21 7.99734 0.14895 1.2092 -0.692241 0.721301 0.0148029 0.0175363
22 7.9969 0.151561 1.20921 -0.695383 0.718286 0.0156184 0.0162004
23 7.99711 0.165202 1.20637 -0.696519 0.717344 0.0165422 0.0022672
24 7.9972 0.164576 1.20488 -0.696491 0.71737 0.0166092 0.00220962
25 7.96647 0.135367 1.2012 -0.699153 0.7148 0.0128674 0.00902875
26 7.96118 0.12304 1.20112 -0.700046 0.71394 0.0129067 0.0077182
27 7.94782 0.0961443 1.20083 -0.697228 0.716707 0.0129007 0.00618724
28 7.9407 0.0783679 1.20139 -0.698552 0.715418 0.0130162 0.00573544
29 7.92631 0.0492668 1.20436 -0.694547 0.719285 0.0142072 0.0056582
30 7.91779 0.0480133 1.20203 -0.694132 0.719742 0.0120752 0.00252373
31 7.90453 0.027916 1.20318 -0.695311 0.718594 0.0125933 0.00257988
32 7.89702 0.0173993 1.20524 -0.694711 0.719152 0.0136122 0.00350041
33 7.88392 0.0184129 1.20619 -0.690379 0.723307 0.0139817 0.00274367
34 7.87449 0.0166098 1.20473 -0.690882 0.722821 0.0138722 0.00435192
35 7.85128 0.0726342 1.20373 -0.679093 0.733975 0.0102107 0.00294454
36 7.84342 0.0782411 1.20573 -0.68063 0.73252 0.011527 0.00490731
37 7.83248 0.0946142 1.20592 -0.705355 0.708742 0.0105193 0.00697901
38 7.82153 0.108984 1.20653 0.708481 -0.70558 -0.0103154 -0.0102948
39 7.81215 0.15255 1.2037 0.710201 -0.703825 -0.0133524 -0.00810288
40 7.78696 0.148792 1.189 -0.704922 0.708693 0.016765 0.0236416
41 7.81294 0.177108 1.20029 0.72245 -0.691155 -0.0189434 -0.00359065
42 7.80755 0.172102 1.20203 0.727825 -0.685503 -0.0178745 -0.00605921
43 7.80075 0.173991 1.20334 0.728434 -0.684874 -0.0171481 -0.00610391
44 7.79797 0.177072 1.20409 0.723752 -0.689828 -0.0168651 -0.00602845
45 7.80056 0.162056 1.20273 0.722398 -0.691251 -0.0151749 -0.00912721
46 7.80607 0.158481 1.2024 0.718556 -0.695258 -0.0160315 -0.00600044
47 7.81088 0.133895 1.20097 0.728235 -0.685164 -0.013735 -0.00595526
48 7.81153 0.12401 1.20168 0.728336 -0.685053 -0.0138635 -0.00611118
49 7.82177 0.0946192 1.20219 0.729555 -0.683675 -0.0182726 -0.00204082
50 7.81988 0.0907003 1.20215 0.729738 -0.683525 -0.0165627 -0.00130828
51 7.81898 0.0693915 1.20103 0.728626 -0.684718 -0.0162206 -0.00145371
52 7.81995 0.0589888 1.20033 0.73159 -0.68157 -0.0154157 -0.000594692
53 7.82116 0.0451984 1.20278 0.733445 -0.679575 -0.0153602 0.000304145
54 7.82046 0.0408789 1.20307 0.732602 -0.680481 -0.0154594 0.000109596
55 7.81987 0.0365511 1.20288 0.735039 -0.677859 -0.0149949 0.000130101
56 7.81827 0.0264543 1.20531 0.735788 -0.676992 -0.016969 -0.00312407
57 7.82077 0.0358452 1.20289 0.74144 -0.670839 -0.0155271 -0.000214294
58 7.81969 0.0394602 1.20234 0.743016 -0.669102 -0.0151436 -0.000978306
59 7.81814 0.0483848 1.20258 0.744663 -0.667257 -0.015617 -0.00135227
60 7.81724 0.0520783 1.20192 0.744935 -0.666946 -0.0158701 -0.00164147
61 7.81395 0.0652574 1.20275 0.745354 -0.666478 -0.0158924 -0.00169082
62 7.8084 0.0748823 1.20203 0.743127 -0.668966 -0.0154073 -0.0030026
63 7.81195 0.0741723 1.2021 0.745957 -0.665777 -0.0167307 -0.00314231
64 7.81628 0.0721907 1.20309 0.7489 -0.662452 -0.0172404 -0.00278218
65 7.81974 0.0733828 1.20282 0.750253 -0.660931 -0.0169033 -0.00201376
66 7.82182 0.0693155 1.20303 0.751613 -0.659379 -0.0170978 -0.00215776
67 7.82416 0.064279 1.20259 0.752833 -0.658002 -0.0164676 -0.0020134
68 7.82796 0.0570722 1.20187 0.754558 -0.656018 -0.0167144 -0.00180967
69 7.84035 0.0253044 1.19344 0.762882 -0.646316 -0.0166522 -0.00298889
71 8.00759 -0.159948 1.21865 0.930715 -0.36378 -0.0311952 -0.0214621
72 7.94815 -0.125744 1.18023 0.925999 -0.376725 -0.00290713 -0.0243921
73 7.91519 -0.139193 1.15916 0.929841 -0.365932 -0.00661246 -0.0380157
76 8.14991 -0.146898 1.27258 0.996789 0.0719058 -0.00137807 -0.035195
77 8.07561 -0.0327266 1.30697 0.996725 -0.0732173 -0.0288592 -0.0185697
79 8.19719 -0.0896123 1.19629 0.996408 -0.0416341 0.00291632 -0.0736787
80 8.21116 -0.0754668 1.19722 0.996032 -0.0472942 0.00182688 -0.0753731
81 8.27187 -0.0702216 1.20727 0.995073 -0.0588626 -0.014989 -0.0783571
82 8.26417 0.00949634 1.1933 0.998539 -0.0465607 -0.00284609 -0.0272737
83 8.26136 0.0211284 1.22492 0.998557 -0.0457244 -0.00105734 -0.0281488
84 8.26128 0.0214288 1.22659 0.998556 -0.045695 -0.000963536 -0.028221
85 8.26112 0.0221201 1.23239 0.998554 -0.0456178 -0.000635894 -0.0284367
86 8.29664 -0.0635271 1.20329 0.996111 -0.0424818 0.00266695 -0.0771463
87 8.29854 -0.0736963 1.20075 0.995904 -0.0459507 0.00418931 -0.077755
88 8.30615 -0.0777277 1.2007 0.996042 -0.0440843 0.00439187 -0.0770529
89 8.32464 -0.0766917 1.20152 0.996235 -0.0482168 0.00453141 -0.0719112
90 8.34021 -0.0832542 1.2017 0.99623 -0.0486809 0.00460132 -0.0716587
91 8.38786 -0.0973047 1.20375 0.99655 -0.0444775 0.00172835 -0.0700545
92 8.38535 -0.103774 1.20185 0.996456 -0.0463508 0.00814449 -0.0697218
93 8.40487 -0.117061 1.2019 0.996595 -0.0446205 0.00920364 -0.0687224
94 8.41029 -0.126402 1.19757 0.996488 -0.0449294 0.00886953 -0.0701005
95 8.4529 -0.159105 1.1917 0.996252 -0.0370933 -0.00326809 -0.0780722
96 8.44042 -0.15473 1.19316 0.996582 -0.0409923 0.00156264 -0.0717055
97 8.41438 -0.167848 1.19648 0.996397 -0.045055 0.0122509 -0.0707989
98 8.4284 -0.177636 1.18928 0.996184 -0.0443743 0.00414578 -0.0750388
99 8.44292 -0.144995 1.21301 0.996964 -0.0491445 -0.0107209 -0.0594369
100 8.45735 -0.150251 1.21461 0.997899 -0.0274198 -0.00971571 -0.0578874
101 8.4271 -0.161954 1.28911 0.99932 -0.0167364 0.0273625 -0.0181635
102 8.4132 -0.206139 1.18733 0.997036 -0.0281173 -0.00368833 -0.0715213
103 8.38661 -0.207877 1.18399 0.99663 -0.0345741 -0.000331873 -0.0743842
104 8.39577 -0.20142 1.18557 0.99739 -0.0198409 -0.000225936 -0.0694271
105 8.36924 -0.127111 1.19345 0.999777 -0.0163637 0.00527849 -0.0122618
106 8.38861 -0.211325 1.18405 0.997395 -0.012698 0.00471015 -0.0708479
107 8.38724 -0.202648 1.18356 0.997572 -0.0136055 0.0048828 -0.0681313
108 8.40834 -0.215563 1.18106 0.997085 -0.0170179 -0.00331569 -0.0743064
109 8.38524 -0.209142 1.18561 0.997395 -0.0180399 0.00804901 -0.0693737
110 8.38367 -0.122116 1.19163 0.999868 -0.00960471 0.00573913 -0.0117865
111 8.41464 -0.215298 1.18138 0.997287 -0.000864656 -0.000575739 -0.0735981
112 8.41136 -0.215757 1.17799 0.997181 -0.000958177 -0.000746161 -0.0750294
113 8.38912 -0.206377 1.18052 0.997233 -0.00812403 0.00135633 -0.0738799
114 8.38482 -0.203032 1.18252 0.997349 -0.0037186 0.0029527 -0.072611
115 8.35977 -0.117242 1.18917 0.999822 -0.00841468 0.00475083 -0.0162159
116 8.37093 -0.198998 1.18073 0.997295 -0.011106 0.00398337 -0.0725551
117 8.35546 -0.189035 1.17517 0.996519 -0.0451485 -0.00451282 -0.0699394
118 8.3635 -0.183109 1.17515 0.997163 -0.0252519 -0.00383547 -0.0708084
119 8.32383 -0.17819 1.17892 0.997301 -0.0268778 0.00384379 -0.0682136
120 8.30918 -0.178798 1.17799 0.997292 -0.0215879 0.00679513 -0.0699688
121 8.30162 -0.173195 1.1773 0.997524 0.00355046 0.00881741 -0.0696816
122 8.30775 -0.182877 1.15628 0.996901 0.00380175 0.0076611 -0.0781949
123 8.29286 -0.185315 1.17347 0.997224 -0.00289328 -0.00194969 -0.0743794
124 8.26872 -0.185966 1.17419 0.997402 -0.00528841 0.00453853 -0.0716911
125 8.26183 -0.202431 1.16571 0.99723 -0.00613863 0.00402717 -0.074013
126 8.27435 -0.204469 1.17217 0.997298 -0.00574701 -0.00338328 -0.0731556
127 8.2471 -0.209475 1.17033 0.997537 -0.00378113 0.00733643 -0.0696574
128 8.26926 -0.217657 1.16952 0.99739 -0.000938131 -0.000981856 -0.0721922
129 8.24567 -0.220305 1.16958 0.997681 -0.00410993 0.00802018 -0.0674673
130 8.25535 -0.230639 1.16851 0.997561 -0.00327487 0.00527591 -0.0695308
131 8.21861 -0.151285 1.17549 0.999796 -0.0048662 0.0159704 -0.0113713
132 8.25521 -0.157317 1.17919 0.999904 -0.00810566 0.00174139 -0.0111073
133 8.23813 -0.236408 1.16554 0.997495 -0.0219902 0.0090974 -0.0666098
134 8.23813 -0.236408 1.16554 0.997495 -0.0219902 0.0090974 -0.0666098
135 8.23813 -0.236408 1.16554 0.997495 -0.0219902 0.0090974 -0.0666098
136 8.21648 -0.159224 1.17573 0.999768 -0.00903962 0.0141504 -0.0135144
137 8.25408 -0.162723 1.17891 0.999853 0.0127352 -0.000419969 -0.0114922
138 8.2471 -0.248897 1.16291 0.997373 0.00256254 0.00114395 -0.0723763
139 8.20743 -0.242248 1.16436 0.99769 -0.00489077 0.00666204 -0.0674206
140 8.19923 -0.241982 1.15796 0.997522 -0.00455863 0.00624539 -0.0699326
141 8.20516 -0.252191 1.13565 0.996926 -0.0043432 0.0049975 -0.0780623
142 8.16218 -0.1589 1.17578 0.999552 -0.0238746 -0.0022444 -0.0179344
143 8.14205 -0.219675 1.16468 0.996892 -0.039293 0.00160575 -0.0682571
144 8.14195 -0.216113 1.16397 0.996899 -0.0390813 0.00154821 -0.0682835
145 8.18033 -0.143923 1.17885 0.999848 0.00199358 -0.00346836 -0.0169507
146 8.17014 -0.216319 1.16627 0.997675 -0.00245136 0.00631421 -0.0678188
147 8.20934 -0.220328 1.17071 0.997443 -0.00173289 -0.00508438 -0.0712606
148 8.22024 -0.221912 1.17038 0.99745 0.00310758 -0.00426684 -0.0711785
149 8.24441 -0.223834 1.16992 0.997454 0.00806643 -0.0020938 -0.0708296
150 8.22425 -0.220374 1.16855 0.997702 0.00273645 0.0079767 -0.0672291
151 8.2653 -0.229113 1.16872 0.997448 0.00970844 -0.000922678 -0.0707268
152 8.24011 -0.227489 1.16748 0.997681 0.0019409 0.00919429 -0.0674052
153 8.26955 -0.235501 1.1669 0.997438 0.00605786 -0.0010577 -0.0712779
154 8.26691 -0.238391 1.16842 0.997507 0.00642287 -0.000746579 -0.0702673
155 8.24249 -0.236676 1.1677 0.997668 0.0049004 0.0081362 -0.0675921
156 8.26575 -0.247328 1.167 0.997334 0.0174854 -0.000762774 -0.0708373
157 8.26423 -0.249273 1.16384 0.997325 0.0173754 -0.000935976 -0.0709902
158 8.24613 -0.249757 1.16665 0.997405 0.0174632 -0.000735647 -0.0698372
159 8.22792 -0.172262 1.18087 0.999764 0.0172288 -0.00255892 -0.0130225
160 8.20508 -0.250308 1.16547 0.997701 0.0106785 0.00799238 -0.0664376
161 8.20211 -0.252932 1.15899 0.997522 0.0107836 0.00758388 -0.0691066
162 8.20211 -0.252932 1.15899 0.997522 0.0107836 0.00758388 -0.0691066
163 8.19144 -0.242859 1.16496 0.997775 0.00709567 0.00806252 -0.0658014
164 8.19173 -0.240482 1.1657 0.997745 0.00727231 0.00809802 -0.0662236
165 8.19677 -0.235622 1.16732 0.99777 0.00668368 0.00662765 -0.0660738
166 8.19962 -0.227834 1.16724 0.997699 0.00685111 0.00772305 -0.0670042
167 8.20405 -0.225329 1.16932 0.997733 0.00541115 0.00665541 -0.0667452
168 8.24273 -0.225823 1.17108 0.997389 0.00974518 -0.0038252 -0.0714553
169 8.24257 -0.22567 1.17446 0.997392 0.0097627 -0.00362689 -0.0714264
170 8.25556 -0.216442 1.17249 0.997392 0.00987808 -0.002265 -0.0714665
171 8.2609 -0.212122 1.17362 0.997379 0.0109004 -0.00196932 -0.0714989
172 8.26822 -0.207356 1.17365 0.997327 0.00998171 -0.00222242 -0.0723447
173 8.25196 -0.200261 1.17437 0.997544 0.00902356 0.00534458 -0.0692557
174 8.25211 -0.198867 1.17548 0.997535 0.00911895 0.00540611 -0.069368
175 8.25208 -0.198755 1.17565 0.997534 0.0091269 0.00541602 -0.0693762
176 8.25213 -0.197108 1.17599 0.997531 0.00922673 0.00543016 -0.0694058
177 8.28381 -0.199684 1.17795 0.997606 0.00128538 0.00138381 -0.0691229
178 8.25587 -0.20185 1.17571 0.997467 -0.0120069 0.0106021 -0.0693079
179 8.29763 -0.206637 1.17663 0.997389 0.00298877 0.00121263 -0.0721431
180 8.27866 -0.202009 1.17973 0.99764 0.00315688 0.00964474 -0.0679027
181 8.26961 -0.202657 1.17315 0.997418 0.00341196 0.00921827 -0.0711357
182 8.24734 -0.196998 1.17793 0.997596 -0.00626407 0.0117761 -0.0680077
183 8.25389 -0.200419 1.17729 0.997322 0.00180993 0.00263265 -0.0730616
184 8.24748 -0.201929 1.17498 0.997293 0.00173786 0.00249595 -0.0734691
185 8.21502 -0.18911 1.18002 0.99758 0.00852662 0.00746658 -0.0686044
186 8.2023 -0.19151 1.17446 0.997338 0.00894448 0.00717636 -0.0720132
187 8.152 -0.179942 1.17703 0.99755 0.000278476 0.0109927 -0.0690891
188 8.10925 -0.0847531 1.17418 0.999744 0.0126295 0.0168071 -0.00834797
189 8.08806 -0.0846212 1.16997 0.999094 0.0378572 0.0179633 -0.00740517
190 8.0687 -0.127098 1.18229 0.998222 0.00854266 0.0136258 -0.0573888
191 8.03061 -0.12611 1.17936 0.99839 -0.00656209 0.0109936 -0.0552618
192 8.01717 -0.129257 1.17284 0.999614 0.00712893 0.00740999 -0.0258198
193 7.94126 -0.100827 1.25153 0.999934 0.000995831 -0.00902899 -0.00700857
194 7.9811 -0.165474 1.16791 0.99951 0.0100238 0.00738563 -0.0287161
195 7.97367 -0.188737 1.16947 0.99952 0.0106657 0.00763215 -0.0280709
196 7.97006 -0.244028 1.17438 0.999578 0.00720654 0.00796661 -0.0269902
197 7.96848 -0.262309 1.17492 0.999602 0.00602515 0.0079952 -0.0263839
198 7.968 -0.27155 1.1768 0.99961 0.005443 0.00811152 -0.0261585
199 7.96772 -0.280803 1.17774 0.999619 0.00485821 0.00816909 -0.0259307
200 7.96749 -0.284916 1.18066 0.999621 0.00460263 0.00834633 -0.0258203
201 7.96748 -0.286307 1.18063 0.999622 0.00451552 0.00834537 -0.0257911
202 7.98943 -0.251476 1.19919 0.999743 0.0212114 -0.00800502 -4.64479e-05
203 7.98575 -0.265941 1.19844 0.999506 0.029534 -0.00802474 -0.00708331
204 7.966 -0.243756 1.19929 0.999447 0.0323139 -0.0077748 0.000682517
205 7.9561 -0.244603 1.1996 0.999533 0.029198 -0.00889682 -0.00130291
206 7.90965 -0.246003 1.21105 0.999574 0.0237639 0.0147727 -0.00828324
207 7.89236 -0.204726 1.19912 0.999925 0.0017231 0.0077524 0.00930646
208 7.89106 -0.188525 1.19686 0.999794 0.0174633 0.00558623 0.00867444
209 7.89878 -0.178023 1.19027 0.999656 0.0240412 -0.00453553 0.00939431
210 7.84691 -0.188439 1.14574 0.9999 0.000253306 0.00542774 -0.0130734
211 7.84129 -0.197675 1.16445 0.999637 0.0105364 0.00888822 -0.0231369
212 7.80129 -0.194895 1.18476 0.999271 0.0114275 0.0303058 -0.0201943
213 7.79872 -0.192275 1.18735 0.99932 0.0112925 0.0292308 -0.0194276
214 7.79666 -0.192807 1.18556 0.999288 0.0124202 0.0291257 -0.0205206
215 7.85751 -0.1686 1.2419 0.999685 0.0243008 -0.000251487 0.00625885
216 7.85582 -0.192097 1.28564 0.999716 0.0229684 0.00257054 0.00579632
217 7.85553 -0.214331 1.14329 0.999211 0.0192702 0.000338352 -0.0347155
218 7.86082 -0.207045 1.1534 0.999428 0.018761 0.000748791 -0.0281286
219 7.88147 -0.243332 1.22594 0.999415 0.0245203 0.00996079 -0.0216394
220 7.88599 -0.220684 1.20668 0.999604 0.0260257 0.007674 -0.00744224
221 7.91731 -0.214503 1.19588 0.999526 0.0293756 -0.00911881 0.00114648
222 7.91961 -0.218042 1.19357 0.999531 0.0291823 -0.00925468 0.00100379
223 7.92173 -0.227335 1.19308 0.999547 0.0286218 -0.00928837 0.000988646
224 7.89132 -0.213789 1.19965 0.999824 0.0140697 0.00634293 0.0106432
225 7.88723 -0.221398 1.19601 0.999827 -0.0128798 -0.00239952 0.0132359
226 7.89961 -0.227584 1.19099 0.999847 -0.0129406 -0.00271245 0.0114467
227 7.90812 -0.252685 1.20065 0.999689 -0.0232542 -0.00896148 0.000726505
228 7.94248 -0.269925 1.20305 0.999715 -0.0172662 -0.0157241 -0.0049197
229 7.93956 -0.249142 1.20551 0.999914 -0.00602723 -0.0101902 0.00556304
230 7.96917 -0.267705 1.21899 0.999673 -0.0172209 -0.0186549 -0.0028909
231 7.98659 -0.285736 1.22195 0.999673 -0.00846015 -0.0185758 -0.0153732
233 8.077 -0.216346 1.2177 0.999694 0.0186201 -0.0151977 -0.0058072
234 7.99759 -0.0993075 1.30983 0.999859 -0.00104252 -0.0167388 0.00106136
235 8.01208 -0.0893581 1.31899 0.999762 -0.00549292 -0.0204778 -0.00507145
236 8.03903 -0.148358 1.17328 0.998067 0.00992911 0.0351334 -0.0502915
237 8.05721 -0.13076 1.17465 0.997871 0.0227037 0.0371514 -0.0485652
238 8.07103 -0.0188886 1.24379 0.999417 0.0103817 0.0299183 -0.0127937
239 8.02942 -0.00787719 1.22238 0.998928 0.00475559 0.0387252 -0.0249038
240 8.04062 0.0702665 1.2309 0.999028 0.0176216 0.0362476 -0.0178647
241 8.0226 0.131281 1.2262 0.998633 0.0220468 0.0400647 -0.0253128
242 8.00954 0.162517 1.22928 0.998808 0.0151493 0.0423487 -0.0189442
243 8.00924 0.241188 1.25337 0.999107 0.00167931 0.0421052 -0.00312812
244 8.00638 0.264329 1.23069 0.998925 -0.00950926 0.0411698 -0.0190858
245 8.00913 0.346817 1.16759 0.999187 -0.0177482 0.0185157 -0.0311064
246 8.01058 0.364415 1.24502 0.998426 -0.0277231 0.0345509 -0.0344075
247 7.99596 0.45411 1.2414 0.99864 -0.0138588 0.0462863 -0.0195625
248 8.01015 0.497262 1.24189 0.998704 -0.0254744 0.0394826 -0.0195533
250 8.17383 0.60498 1.23327 0.997944 0.0479821 0.0224175 -0.0360924
252 8.03831 0.695509 1.35507 0.999338 0.0255584 0.0165333 -0.0199154
253 8.06376 0.762732 1.2676 0.997858 0.0467646 0.0213774 -0.0404399
254 8.05666 0.781866 1.25288 0.99871 0.042247 0.0130723 -0.024936
255 8.08726 0.768854 1.16476 0.9982 0.0428146 0.00682383 -0.0414423
256 7.95472 0.731949 1.25583 0.999647 -0.019219 0.00165516 -0.0182529
257 7.86074 0.678522 1.25983 0.997307 -0.0375581 0.054356 -0.0318411
258 7.89134 0.661643 1.23933 0.998688 -0.0244492 0.0336382 -0.029871
259 7.86331 0.637475 1.2381 0.998663 -0.0197268 0.0428162 -0.0212006
261 7.9101 0.663124 1.32285 0.997206 -0.0670228 0.00493654 -0.0326132
262 7.88044 0.672736 1.21169 0.998532 -0.0365493 0.0334344 -0.0219116
263 7.893 0.672891 1.2449 0.9988 -0.013226 0.0425267 -0.0203907
264 7.8787 0.712799 1.2035 0.99955 -0.0252454 0.0155705 0.00448301
265 7.95157 0.667926 1.24986 0.999164 -0.020507 0.00701869 -0.0346636
266 7.83523 0.704257 1.19841 0.99946 -0.0299836 0.0128687 -0.0038125
267 7.79796 0.683409 1.23264 0.999089 -0.016111 0.0356526 -0.0170157
269 7.72386 0.710133 1.22058 0.997808 -0.0540082 0.0320853 -0.0208226
270 7.71828 0.728026 1.22128 0.997167 -0.0657464 0.0287236 -0.0226081
271 7.74579 0.72459 1.26853 0.996972 -0.0709273 0.00956198 -0.0304176
272 7.75262 0.750946 1.22994 0.993754 -0.103594 0.0304471 -0.0281997
273 7.89214 0.772085 1.13227 0.993276 -0.107508 -0.00272465 -0.0428635
275 7.9445 0.744555 1.27147 0.998404 -0.0446574 0.0181294 -0.0294413
276 7.98765 0.79361 1.27915 0.998995 -0.0295671 0.0225543 -0.0250199
277 8.07369 0.835557 1.26076 0.998856 -0.0350688 0.00854032 -0.0313635
278 8.08685 0.92446 1.25633 0.998658 -0.0268453 0.0119164 -0.0426536
279 8.0021 0.986165 1.32594 0.998735 -0.0342145 0.0147049 -0.0337761
280 8.03221 1.12583 1.28925 0.999037 -0.0218525 0.0178741 -0.0335909
281 7.99098 1.24161 1.29179 0.997584 -0.0234554 0.0629614 0.0176502
282 7.98618 1.28472 1.28688 0.997672 -0.0208805 0.062635 0.017075
283 8.08551 1.24007 1.23402 0.998133 -0.0595179 -0.00166853 -0.0136504
284 8.07122 1.29506 1.21517 0.996618 -0.0261107 0.0442645 -0.0641237
285 8.06474 1.32017 1.2296 0.996601 -0.0245211 0.0449723 -0.0645217
286 8.08832 1.39369 1.22201 0.995562 -0.0449964 0.0474468 -0.0676806
287 8.10097 1.41287 1.2274 0.995807 -0.0410675 0.050045 -0.0646298
288 8.12687 1.39824 1.22288 0.995278 -0.0399295 0.0513962 -0.072015
289 8.14401 1.38878 1.2249 0.995599 -0.0381138 0.0538051 -0.0665991
290 8.162 1.3903 1.15008 0.997077 -0.0594791 0.0104164 -0.0468179
291 8.12665 1.31756 1.21103 0.994757 -0.0558479 0.0486815 -0.0705007
292 8.11524 1.27565 1.20598 0.994701 -0.0610789 0.0481087 -0.0672634
293 8.1164 1.27132 1.20854 0.995343 -0.0560298 0.0509129 -0.0596669
294 8.07295 1.33483 1.28613 0.995669 -0.0654005 0.065738 0.00663614
295 8.08665 1.31174 1.2866 0.995461 -0.0675974 0.0663413 0.00928262
296 8.09597 1.32506 1.29269 0.996347 -0.0523178 0.0658482 0.0147972
297 8.0835 1.34212 1.2916 0.996203 -0.0516677 0.0678084 0.0176913
298 8.16267 1.26257 1.24012 0.99799 -0.0616514 0.00908931 -0.0115477
299 8.15129 1.30211 1.28795 0.998099 -0.0591082 0.0116299 -0.0129951
300 8.15107 1.30343 1.2887 0.998103 -0.0590256 0.0116699 -0.0130191
301 8.15107 1.30343 1.2887 0.998103 -0.0590256 0.0116699 -0.0130191
302 8.06059 1.35778 1.2911 0.997811 -0.00214128 0.0626572 0.021023
303 8.05826 1.34427 1.29146 0.997821 -0.0014881 0.0623631 0.0215027
304 8.05006 1.31714 1.29293 0.997826 -0.00811495 0.0614683 0.0223433
305 8.04383 1.3012 1.29466 0.997685 -0.010333 0.0631707 0.0229592
306 8.07171 1.28044 1.3001 0.997697 0.000811798 0.0627869 0.0256574
307 8.07462 1.11803 1.27894 0.998103 0.00745278 0.0349499 -0.0501359
308 8.0417 1.09256 1.27028 0.997924 -0.000898934 0.0395347 -0.0508284
309 8.05668 1.08502 1.27107 0.998016 0.0076891 0.0380878 -0.0495421
310 8.05692 1.10209 1.2915 0.998901 -0.00487061 0.0264234 -0.038417
311 8.06161 1.09254 1.29163 0.998895 -0.00317242 0.0240952 -0.0402276
312 8.03243 1.1077 1.29627 0.998969 -0.0115956 0.0250091 -0.0360733
313 7.99868 1.06941 1.2709 0.998113 -0.0066872 0.0345959 -0.0502823
314 8.03252 1.12375 1.19608 0.997748 0.00352929 0.0449505 -0.0496598
315 7.91855 1.22746 1.28734 0.997401 -0.0347975 0.0590564 0.0221843
316 7.93404 1.21977 1.27676 0.99797 -0.0158641 0.0605296 0.0118616
317 7.93912 1.24434 1.28782 0.99786 -0.0156449 0.0600711 0.0205592
318 7.9163 1.26207 1.28119 0.99782 -0.0217848 0.0589821 0.020021
319 7.93571 1.26205 1.28175 0.99808 -0.0147216 0.0578652 0.0164689
320 7.98344 1.1687 1.29053 0.998468 -0.0290823 0.0259805 -0.0392479
321 7.98047 1.24652 1.27829 0.996723 -0.050279 0.0626212 0.00968565
322 8.04798 1.23581 1.28275 0.997223 -0.0366859 0.0636821 0.0120455
323 8.05768 1.24816 1.29377 0.996801 -0.0381907 0.066438 0.0227113
324 8.10525 1.14598 1.26305 0.997699 -0.0399233 0.0485557 -0.0254187
325 8.14433 1.11194 1.28951 0.998048 -0.0384475 0.0288104 -0.039893
326 8.14214 1.06852 1.27656 0.996869 -0.048219 0.0417325 -0.0467492
327 8.17034 1.07351 1.28756 0.997096 -0.0531365 0.0362287 -0.0407866
328 8.25392 1.04133 1.29446 0.99796 -0.0409504 0.0222827 -0.0436227
329 8.22927 1.01711 1.2882 0.997295 -0.0503312 0.0226956 -0.0485148
330 8.24454 1.01122 1.28689 0.9978 -0.042721 0.0224886 -0.0454363
331 8.20635 1.00634 1.28699 0.99827 -0.0280444 0.0272594 -0.0438986
332 8.20574 0.989389 1.28212 0.998532 -0.0117331 0.0269105 -0.0455172
342 8.13939 1.25233 1.2745 0.642034 0.76621 0.0180845 0.0197011
343 8.25036 1.31285 1.22757 0.656043 0.754507 0.011461 -0.01401
347 8.17666 1.47915 1.21971 0.704774 0.709251 0.0159411 0.0019073
348 8.31531 1.51678 1.26713 0.729743 0.68361 0.0118214 -0.00357691
349 8.25046 1.53083 1.26765 0.687042 0.722275 0.0792984 -0.00178175
350 8.23056 1.65705 1.31091 0.708375 0.70283 0.0282625 0.0586223
351 8.26335 1.54149 1.29049 0.699387 0.710945 0.0705155 0.0210307
352 8.27943 1.5305 1.28062 0.699972 0.71039 0.0707072 0.0196548
353 8.26201 1.50728 1.28414 0.713837 0.696091 0.0723484 0.0256711
354 8.30808 1.45901 1.27365 0.72191 0.687567 0.0780331 0.00285931
355 8.2949 1.47533 1.28984 0.726543 0.682673 0.0735848 0.0260149
356 8.30242 1.47523 1.29032 0.729732 0.679253 0.0734541 0.0266681
357 8.33102 1.48469 1.29807 0.72107 0.688287 0.0748075 0.0269053
358 8.33813 1.49444 1.30029 0.719326 0.689899 0.0759384 0.0290455
359 8.35176 1.50338 1.30375 0.72002 0.689223 0.0753428 0.0294201
360 8.35903 1.49338 1.30588 0.721742 0.687268 0.0772391 0.0280248
361 8.36712 1.47993 1.30602 0.722379 0.686616 0.0768318 0.0286926
362 8.36837 1.47375 1.30561 0.722629 0.686357 0.0767891 0.028729
363 8.36688 1.45753 1.30385 0.721816 0.687466 0.0731276 0.0320183
364 8.36796 1.45209 1.30204 0.722037 0.687245 0.0730476 0.0319605
365 8.35555 1.42957 1.29892 0.721648 0.687467 0.0745215 0.0325531
366 8.35209 1.43259 1.29802 0.717938 0.691529 0.0721779 0.0338089
367 8.34407 1.42785 1.29555 0.71599 0.693435 0.0738804 0.0323866
368 8.33897 1.43473 1.29469 0.713763 0.695705 0.0735733 0.0335246
369 8.32905 1.43634 1.29342 0.715134 0.694275 0.0746318 0.0315448
370 8.32689 1.44278 1.29288 0.714371 0.695201 0.0729874 0.0323053
371 8.3167 1.44112 1.29019 0.712172 0.697446 0.0732721 0.0318092
372 8.30922 1.43858 1.28883 0.713184 0.696381 0.0731092 0.0328087
373 8.30524 1.43144 1.28811 0.70957 0.700205 0.0713453 0.0336698
374 8.30483 1.42656 1.28732 0.710703 0.699293 0.0694212 0.032716
375 8.30542 1.42294 1.28529 0.710855 0.699151 0.0693114 0.0326758
376 8.2933 1.41334 1.28271 0.704093 0.705728 0.0711432 0.0337672
377 8.29381 1.40775 1.28272 0.70432 0.705501 0.0711297 0.0337965
378 8.29381 1.40775 1.28272 0.70432 0.705501 0.0711297 0.0337965
379 8.28951 1.40666 1.28277 0.700541 0.709334 0.0699085 0.0346414
380 8.28952 1.40657 1.28301 0.700543 0.70933 0.0699195 0.0346505
381 8.29086 1.40954 1.28404 0.700424 0.709439 0.0700798 0.034516
382 8.29526 1.41515 1.28579 0.700206 0.70965 0.0699718 0.0348238
383 8.29526 1.41515 1.28579 0.700206 0.70965 0.0699718 0.0348238
384 8.29989 1.41035 1.28688 0.700423 0.709432 0.0699265 0.0349974
385 8.30014 1.40908 1.28765 0.700475 0.709376 0.0699353 0.035064
386 8.30338 1.39903 1.28716 0.700909 0.708954 0.069781 0.0352446
387 8.31313 1.39342 1.28748 0.697024 0.712827 0.0689849 0.0357234
388 8.31701 1.39178 1.28819 0.697129 0.71273 0.0686127 0.0363193
389 8.31703 1.39159 1.28838 0.697137 0.712722 0.0686175 0.0363327
390 8.32329 1.39212 1.28934 0.697123 0.712742 0.0680669 0.0372291
391 8.32329 1.39212 1.28934 0.697123 0.712742 0.0680669 0.0372291
392 8.32442 1.38876 1.28912 0.692342 0.717181 0.0698207 0.0379374
393 8.32541 1.38862 1.28929 0.691202 0.718392 0.0690596 0.0371892
394 8.3245 1.38935 1.28868 0.690112 0.719354 0.069769 0.0375139
395 8.32268 1.39012 1.28796 0.694703 0.715006 0.069341 0.0366959
396 8.31835 1.39304 1.28633 0.696926 0.712812 0.0697857 0.0363862
397 8.32499 1.37246 1.28928 0.705203 0.704175 0.0776755 0.0281551
398 8.42303 1.37209 1.28212 0.730307 0.681816 0.0380767 0.0181285
399 8.43328 1.38451 1.31763 0.718061 0.690246 0.083198 0.032056
400 8.4481 1.39275 1.32254 0.720017 0.687509 0.0888823 0.0317333
401 8.63553 1.49818 1.25821 0.71996 0.693862 0.0144266 0.00211306
402 8.62788 1.51227 1.29075 0.719462 0.694352 0.0152663 0.0041309
403 8.5861 1.56393 1.27149 0.711074 0.702869 0.0185167 0.00240059
404 8.48694 1.55575 1.29264 0.714204 0.698831 0.0350921 0.017816
405 8.45622 1.60295 1.27516 0.693595 0.720141 0.0179047 0.00129385
406 8.25665 1.50241 1.256 0.717741 0.695455 0.0337891 -0.0069748
407 8.13219 1.53324 1.23661 0.709142 0.704572 0.0263914 0.0003974
408 8.17598 1.54212 1.27395 0.734033 0.678691 0.0237636 -0.00306455
409 8.09207 1.53713 1.27393 0.739517 0.672675 0.0233796 -0.00869244
410 8.05099 1.55287 1.27298 0.739551 0.672691 0.0223272 -0.00726257
411 7.97749 1.58137 1.27724 0.738123 0.674226 0.0230716 -0.0077655
412 7.96346 1.56624 1.27594 0.74638 0.664867 0.017402 -0.0237841
413 7.87947 1.57317 1.2806 0.741611 0.670073 0.019072 -0.0255358
414 7.83356 1.57292 1.28361 0.73869 0.673219 0.0199523 -0.0267481
415 7.65272 1.53431 1.28204 0.723579 0.686832 0.0684333 0.00345595
416 7.61499 1.53569 1.27875 0.723192 0.68723 0.0685185 0.00363559
417 7.55181 1.53818 1.27558 0.721859 0.688738 0.0675115 0.00167616
418 7.52028 1.53897 1.27223 0.725022 0.685492 0.066651 0.000991063
419 7.46858 1.5446 1.26419 0.723725 0.687227 0.062757 0.00147971
420 7.43879 1.54116 1.26038 0.725097 0.685853 0.0619213 0.00240119
421 7.38891 1.54236 1.25429 0.725318 0.686023 0.0568148 0.00767445
422 7.37018 1.51878 1.25021 0.725438 0.685778 0.0586299 0.00325257
423 7.34994 1.50999 1.24413 0.72445 0.688015 0.0424995 0.000684693
424 7.35689 1.52709 1.23991 0.718082 0.695287 0.0305579 -0.000633401
425 7.30076 1.50082 1.23632 0.718755 0.694499 0.0324722 -0.00291638
426 7.27236 1.49238 1.2361 0.7192 0.694005 0.0331359 -0.00318209
427 7.2191 1.48205 1.23535 0.719853 0.693315 0.0334439 -0.00268738
428 7.20504 1.48782 1.23424 0.717347 0.695958 0.032203 -0.00419417
429 7.14969 1.48775 1.23304 0.719565 0.693692 0.0315815 -0.00441149
430 7.12195 1.48992 1.23202 0.717923 0.695382 0.0317194 -0.00497844
431 7.05776 1.4482 1.25072 0.724915 0.686827 0.0511221 -0.0123866
432 7.02624 1.44816 1.25191 0.727434 0.684027 0.0525726 -0.0135054
433 6.96147 1.46073 1.24898 0.72689 0.684628 0.0526172 -0.012097
434 6.92974 1.51352 1.2366 0.724746 0.688045 0.0364576 0.00263591
435 6.87098 1.48629 1.25018 0.718997 0.692839 0.0536955 -0.0116014
436 6.84632 1.47776 1.24931 0.724 0.687641 0.0524575 -0.0149037
437 6.76325 1.46056 1.17515 0.72064 0.691638 0.047902 0.00460297
438 6.76101 1.48128 1.24172 0.723514 0.688252 0.051647 -0.012987
439 6.71535 1.47415 1.2414 0.718217 0.693759 0.0519071 -0.0129857
440 6.69495 1.46922 1.24034 0.715129 0.69699 0.0515218 -0.0118606
441 6.64668 1.45929 1.23285 0.712602 0.699857 0.0481618 -0.00893621
442 6.62456 1.44949 1.23261 0.712537 0.69999 0.0470179 -0.00970639
443 6.58774 1.43876 1.23039 0.711794 0.701039 0.0420289 -0.0112777
444 6.57063 1.44052 1.2317 0.707653 0.705256 0.0415799 -0.0105635
445 6.5228 1.42811 1.23122 0.705161 0.707675 0.0427614 -0.0107117
446 6.49735 1.43339 1.22869 0.702847 0.71008 0.0413074 -0.00928476
447 6.40076 1.46459 1.20176 0.706604 0.705413 0.0520346 0.0198687
449 6.33182 1.4919 1.19281 0.709522 0.702357 0.0527698 0.0220925
450 6.32897 1.47804 1.18946 0.713076 0.699073 0.0510044 0.0147454
451 6.19697 1.50177 1.18105 0.713544 0.698496 0.0502297 0.0208983
452 6.17072 1.50956 1.17804 0.709441 0.702668 0.0494018 0.0225812
453 6.15162 1.4792 1.15511 0.70542 0.70639 0.0580244 -0.0053363
454 6.08857 1.49853 1.15598 0.70626 0.705437 0.0583873 0.0121083
455 6.10857 1.50728 1.21359 0.696437 0.716057 0.0465904 0.00824152
456 6.04807 1.48278 1.27607 0.714477 0.696998 0.0505555 0.0340622
457 5.95337 1.43909 1.29125 0.723244 0.68572 0.0749625 0.0329587
458 5.94501 1.48461 1.26711 0.716975 0.694373 0.0527614 0.0317706
459 5.89327 1.45002 1.2811 0.718164 0.691368 0.0731924 0.0298872
460 5.81937 1.51893 1.25911 0.709872 0.698522 0.0655432 0.0620616
461 5.77621 1.47318 1.27457 0.710878 0.697768 0.077059 0.0428346
462 5.74342 1.47393 1.26858 0.711513 0.697202 0.0761961 0.0430428
463 5.68612 1.45771 1.26085 0.711025 0.697731 0.0796465 0.0356508
464 5.65813 1.514 1.22347 0.707599 0.702499 0.0564196 0.0511514
465 5.60868 1.47812 1.24047 0.70718 0.702946 0.0678489 0.034065
466 5.58175 1.45243 1.24126 0.706639 0.703333 0.0734448 0.0243046
467 5.51972 1.44057 1.23389 0.705828 0.704113 0.0747611 0.0210424
468 5.49453 1.43616 1.23115 0.705706 0.704249 0.0747683 0.0205373
469 5.46536 1.4274 1.23008 0.699782 0.711326 0.0656674 0.00298853
470 5.4401 1.50416 1.19487 0.703986 0.708727 0.0370088 0.0271952
471 5.38288 1.46139 1.219 0.700052 0.712155 0.0523371 0.00494223
472 5.35543 1.44861 1.22188 0.699546 0.712402 0.0558541 -0.000253248
473 5.29332 1.44674 1.21991 0.6979 0.713934 0.0568409 -0.00193398
474 5.26624 1.43709 1.22131 0.697517 0.714356 0.0558616 -0.00670456
475 5.19882 1.39082 1.10767 0.701779 0.70954 0.059238 0.0234452
476 5.18299 1.4402 1.22251 0.703851 0.708611 0.0486027 -0.0101112
477 5.15079 1.52179 1.19037 0.742266 0.669632 0.0111568 0.022565
478 5.07944 1.47096 1.20425 0.723771 0.688522 0.0436022 0.0138593
479 5.0264 1.49103 1.20431 0.719382 0.693183 0.0429466 0.0119466
480 5.01862 1.44131 1.22607 0.709494 0.703085 0.0455087 -0.0147652
481 4.93238 1.49953 1.18881 0.717644 0.694585 0.0474116 0.0170796
482 4.90431 1.50213 1.18219 0.721203 0.690929 0.045484 0.0203593
483 4.84563 1.4896 1.17405 0.72094 0.691182 0.0457928 0.0204111
484 4.85131 1.55016 1.06712 0.707761 0.701093 0.0461386 0.0735781
490 4.63525 1.58062 1.00133 0.716968 0.695177 -0.0107285 0.0507112
491 4.58444 1.50445 1.02067 0.726817 0.685436 0.0223572 0.0376064
492 4.51235 1.47995 1.03092 0.727955 0.683587 0.0425893 0.0312331
493 4.4818 1.49422 1.02914 0.72566 0.686039 0.0422646 0.0313317
494 4.42262 1.50808 1.02463 0.724638 0.687166 0.0418953 0.0307816
495 4.39586 1.49746 1.02069 0.730242 0.681314 0.0432904 0.0261488
496 4.30598 1.56705 1.00792 0.71498 0.696163 0.0385217 0.0517405
497 4.27468 1.56835 1.00489 0.713794 0.697302 0.038954 0.0524512
498 4.2535 1.50039 1.00922 0.717552 0.694962 0.0419729 0.0196157
499 4.20115 1.56251 0.992412 0.711647 0.700211 0.0329496 0.0466512
500 4.148 1.56164 0.987701 0.70907 0.703174 0.0314514 0.0421415
501 4.11576 1.56825 0.982453 0.71011 0.702061 0.0299182 0.0442583
502 4.06645 1.57155 0.978147 0.706145 0.706647 0.025543 0.0368356
503 4.04261 1.56796 0.975715 0.711511 0.701501 0.0224553 0.0338309
504 3.9945 1.57281 0.972856 0.706476 0.706843 0.0188374 0.0301624
505 3.96784 1.57533 0.970751 0.707555 0.705858 0.0160975 0.0295009
506 3.9011 1.50932 0.987205 0.708551 0.704749 0.0340782 0.0110765
507 3.87477 1.52159 0.978419 0.708386 0.704959 0.0305869 0.016909
508 3.81379 1.53223 0.971588 0.707306 0.706019 0.0276976 0.0220679
509 3.79946 1.51542 0.985421 0.704718 0.70902 0.0241805 0.00886543
510 3.77971 1.51301 0.989204 0.703932 0.709955 0.0203972 0.00528925
511 3.71672 1.43221 0.928948 0.70738 0.70485 0.0502755 0.0165154
512 3.63834 1.48436 0.959656 0.70145 0.710524 0.0496109 0.0257308
513 3.58053 1.49612 0.950814 0.698798 0.71321 0.0458897 0.0301165
514 3.62115 1.6721 0.87068 0.718516 0.692856 -0.0021356 0.0606645
515 3.53007 1.64875 0.911144 0.718539 0.692596 0.001236 0.0633294
516 3.50492 1.58142 0.958454 0.709463 0.703925 0.00636429 0.0333329
517 3.39167 1.56336 0.854327 0.707504 0.700733 0.0483049 0.0779605
518 3.49328 1.54579 0.813835 0.68834 0.723473 0.0452846 0.0269136
519 3.45006 1.53909 0.809918 0.688522 0.723422 0.0448708 0.0241568
520 3.51551 1.49537 0.809346 0.704301 0.709662 0.0154534 0.0100277
521 3.44952 1.48717 0.822782 0.708567 0.705229 0.0188626 0.0151421
522 3.42906 1.48824 0.834123 0.707657 0.70609 0.0198406 0.0162878
527 3.15056 1.51249 0.827087 0.741984 0.669738 0.0259384 0.0154324
528 3.12846 1.52337 0.829192 0.740863 0.670957 0.0260024 0.0162051
529 3.07452 1.52518 0.826171 0.74496 0.666434 0.0257788 0.0153224
530 3.05258 1.52711 0.825036 0.745365 0.665954 0.0250798 0.0175013
531 2.95132 1.47526 0.788095 0.720771 0.692299 0.0338132 -0.0082762
532 2.99482 1.50868 0.824792 0.742903 0.66871 0.0284704 0.0105142
533 2.96008 1.4945 0.822995 0.740301 0.671648 0.0286846 0.00441304
534 2.93584 1.49767 0.820786 0.738398 0.67382 0.0269503 0.0028135
535 2.85514 1.50241 0.818325 0.751529 0.659063 0.0278393 0.00801809
536 2.82417 1.49399 0.815048 0.760817 0.648306 0.0284088 0.00710271
537 2.77561 1.49258 0.814274 0.769183 0.638313 0.0300025 0.00358717
538 2.75541 1.5025 0.812554 0.767417 0.640427 0.0303896 0.00110535
539 2.72068 1.51388 0.816498 0.767182 0.640468 0.0334115 -0.0107499
540 2.70255 1.52008 0.817164 0.768602 0.63874 0.0336188 -0.0114996
541 2.68435 1.51726 0.819321 0.769319 0.637898 0.0336157 -0.010227
542 2.6664 1.51573 0.819235 0.768332 0.63896 0.0348124 -0.0135759
543 2.63129 1.56287 0.796541 0.769585 0.63827 0.0182587 0.00394634
544 2.61016 1.51107 0.820051 0.769287 0.637604 0.0379932 -0.0146843
545 2.57542 1.49942 0.822112 0.768162 0.638749 0.0405819 -0.0167291
546 2.55779 1.49033 0.821332 0.766773 0.640272 0.0425457 -0.0173564
547 2.53345 1.49026 0.822592 0.76554 0.641918 0.0400731 -0.016852
548 2.52689 1.54144 0.802012 0.76732 0.640997 0.0185172 0.000410719
549 2.49841 1.55179 0.805487 0.765651 0.643025 0.0171535 -0.00176926
550 2.48658 1.55231 0.810116 0.763597 0.645413 0.0181988 -0.00563662
551 2.38976 1.4949 0.805148 0.745955 0.66356 0.0569159 -3.77471e-05
552 2.35529 1.47733 0.814424 0.746283 0.661754 0.0716648 -0.00254554
553 2.32794 1.49322 0.792757 0.751627 0.657588 0.0513025 0.00137572
554 2.34259 1.5224 0.781416 0.752629 0.657891 0.0268106 0.00311546
555 2.24098 1.61062 0.70967 0.729514 0.683785 0.00899323 0.0129458
556 2.26084 1.53061 0.78891 0.742477 0.668914 0.0356992 0.00252513
557 2.15728 1.51246 0.808469 0.743159 0.665751 0.0670156 0.000325961
558 2.12113 1.56889 0.79659 0.745317 0.664882 0.0455059 0.0190711
559 2.10823 1.57999 0.815367 0.742997 0.668331 0.0335875 0.012699
560 2.0915 1.56498 0.72462 0.752905 0.657723 0.0123301 -0.0195415
561 1.96315 1.57876 0.800862 0.746284 0.663505 0.0518002 0.0117496
562 2.02414 1.60061 0.751635 0.753831 0.656788 0.0122989 -0.0147332
567 1.58522 1.59874 0.759163 0.725319 0.68697 0.0202881 -0.0396691
569 1.49571 1.54488 0.752308 0.764696 0.64263 0.0175626 -0.0442535
570 1.49116 1.53898 0.750284 0.770179 0.636137 0.0168832 -0.043246
571 1.48933 1.56569 0.767546 0.769369 0.638592 0.0137627 -0.0090142
572 1.52148 1.53714 0.741015 0.764235 0.644312 0.0096876 -0.0267066
573 1.49741 1.53094 0.713042 0.760299 0.649536 0.00295512 0.00628424
574 1.5449 1.40676 0.739091 0.773143 0.632805 0.0222927 -0.0362072
575 1.56318 1.36845 0.733238 0.775412 0.630179 0.0235259 -0.0325192
576 1.57531 1.3566 0.733175 0.777753 0.627154 0.0239649 -0.0347003
577 1.57371 1.43219 0.775636 0.772897 0.633852 0.0273849 0.0105976
578 1.63462 1.45055 0.726718 0.777447 0.628437 0.0004995 -0.0253479
579 1.63295 1.46871 0.72655 0.779965 0.625399 0.00340524 -0.0227721
580 1.62315 1.42439 0.739891 0.782451 0.621298 0.0239089 -0.0344713
581 1.63105 1.45093 0.726541 0.784911 0.619234 0.00503085 -0.0209685
582 1.61548 1.38258 0.737637 0.798914 0.600015 0.0263792 -0.0319648
587 1.3697 1.656 0.762087 0.159203 0.986794 0.0215066 -0.0207174
588 1.38922 1.68533 0.72049 0.161839 0.986607 0.0030292 -0.0201121
589 1.34197 1.6479 0.755959 0.102278 0.994517 0.0203516 -0.00776195
590 1.34502 1.65021 0.760189 0.11053 0.993586 0.0229607 -0.00647167
591 1.35313 1.63712 0.774781 0.130808 0.990747 0.0348357 -0.0098261
592 1.32815 1.64485 0.779555 0.115612 0.992552 0.0367068 -0.0112294
593 1.28765 1.70244 0.770049 0.102021 0.994425 0.0259132 -0.00622443
594 1.28057 1.69994 0.786551 0.0945429 0.994747 0.0366973 -0.0138808
595 1.2722 1.72125 0.789621 0.0832566 0.995746 0.036495 -0.0150199
596 1.30926 1.77701 0.808927 0.0773509 0.995793 0.0370926 -0.0322203
597 1.2602 1.85163 0.793685 0.0640583 0.997885 0.00795823 0.00769767
616 1.38802 1.2078 0.727192 0.0483381 0.998219 0.00203241 0.0349039
617 1.38514 1.21588 0.72951 0.0444602 0.998327 0.00248086 0.0368952
618 1.41096 1.23762 0.731333 0.0445036 0.998484 0.00518134 0.0319588
619 1.41624 1.24842 0.734954 0.0399745 0.998602 0.00568113 0.0341135
620 1.44607 1.242 0.729004 0.0500823 0.998053 0.0293416 0.0228417
621 1.43881 1.29195 0.736088 0.0431239 0.998586 0.0115162 0.0288705
622 1.45509 1.27876 0.733764 0.0374731 0.998532 0.0330713 0.020888
623 1.43932 1.37473 0.735915 0.0264819 0.998955 0.0031894 0.0370997
624 1.44154 1.39352 0.741405 0.027295 0.999012 0.00151296 0.0350464
625 1.44556 1.4007 0.755704 0.0542908 0.997552 0.0177845 0.0403178
626 1.43812 1.40184 0.753654 0.0424863 0.998319 0.00854117 0.0384893
627 1.4427 1.43041 0.75912 0.0558459 0.997802 0.00738033 0.034884
628 1.43805 1.40416 0.763992 0.0474886 0.997951 0.0231365 0.0361087
629 1.43404 1.43222 0.763735 0.0433085 0.998092 0.0216808 0.0382884
630 1.46228 1.44002 0.787202 0.0393131 0.998762 0.0186514 0.0240854
631 1.44364 1.48797 0.762696 0.0409101 0.998431 0.0120937 0.0362724
632 1.45149 1.50066 0.763603 0.0465521 0.998224 0.0117936 0.0352535
633 1.50346 1.482 0.75682 0.0525002 0.998423 0.0194603 0.00407666
634 1.47077 1.45914 0.75027 0.040968 0.998887 0.0214022 0.00937265
635 1.45182 1.41478 0.741798 0.0757889 0.996461 0.035802 0.0063192
636 1.43347 1.39418 0.737171 0.0650228 0.997092 0.0395419 0.00395829
637 1.40185 1.36743 0.730049 0.0488394 0.998064 0.0380632 0.00584714
638 1.39312 1.3619 0.730235 0.0487593 0.99808 0.037717 0.00607387
639 1.38432 1.33771 0.727489 0.0316218 0.998818 0.0367989 0.00302596
640 1.39186 1.33483 0.728847 0.0378049 0.998569 0.0377086 0.00302131
641 1.39446 1.37092 0.726271 0.0413828 0.998863 0.0177955 0.0156037
642 1.41624 1.32277 0.72898 0.0345935 0.998594 0.039618 0.00654367
643 1.4546 1.33125 0.730632 0.040798 0.998422 0.0377016 0.00826178
644 1.49132 1.33322 0.730606 0.035452 0.998599 0.0370187 0.013169
645 1.52213 1.43979 0.70736 0.0339082 0.999243 -0.0154872 0.0111634
646 1.52965 1.39671 0.726718 0.028183 0.998918 0.00606752 0.0365033
647 1.54944 1.39627 0.725797 0.0171118 0.999142 0.0012645 0.0376963
648 1.59622 1.37295 0.727165 0.0187033 0.998895 0.0102966 0.0418653
649 1.63213 1.36072 0.735085 0.0257047 0.998866 0.0145073 0.0373457
650 1.64056 1.3809 0.728454 0.0456532 0.998137 0.00252106 0.0403991
651 1.64546 1.36735 0.731955 0.0252422 0.998925 0.00423148 0.0386492
652 1.64347 1.34111 0.733653 0.0219167 0.999068 0.00760999 0.0363945
653 1.62334 1.32092 0.730561 0.0161168 0.998928 0.0152386 0.0406387
654 1.61978 1.3314 0.729976 0.00211503 0.999379 0.00419984 0.0349345
655 1.6256 1.33689 0.729668 0.0158302 0.999357 0.00596154 0.0316117
656 1.6022 1.34789 0.724363 0.0164909 0.999221 0.00250816 0.0357707
657 1.59877 1.33646 0.726333 0.00522207 0.999392 0.00602795 0.0339383
658 1.59015 1.33257 0.724734 -0.00641241 0.999471 0.0041283 0.0316278
659 1.57903 1.34519 0.720552 0.00134681 0.999447 0.000994953 0.0332147
660 1.56459 1.32789 0.719119 -0.0035544 0.999391 0.00311464 0.0345712
661 1.5754 1.32275 0.721497 0.00153833 0.999558 0.00293884 0.0295456
662 1.56897 1.31261 0.708073 0.00865506 0.999342 0.0002004 0.0352113
663 1.57062 1.32033 0.711574 -0.00604529 0.999492 -0.00158599 0.0312492
664 1.59342 1.33297 0.730403 0.00703784 0.999896 0.00324097 0.0121764
665 1.52707 1.2884 0.782178 0.0719943 0.99736 0.000223536 0.00949746
666 1.57438 1.21496 0.705089 0.0656615 0.997495 0.00141044 0.026294
667 1.57812 1.16537 0.701012 0.0964326 0.994969 -7.83491e-05 0.0271542
668 1.61816 1.15106 0.732116 0.0925647 0.995654 -0.00583699 0.00836287
669 1.58326 1.11647 0.717321 0.0747312 0.996871 0.00405801 0.025443
670 1.59465 1.08033 0.74886 0.0866469 0.995929 -0.000349768 0.0248691
677 1.69356 1.41673 0.778528 0.148366 0.988269 0.0336855 0.0133363
679 1.63791 1.44225 0.79281 0.00641981 0.998752 0.0401453 0.0290083
680 1.66071 1.45483 0.783957 -0.0188854 0.999239 0.0239357 0.0243466
681 1.68751 1.43454 0.79097 0.00362077 0.999389 0.028304 0.0202041
687 1.48158 0.872762 0.706508 -0.116405 0.99132 0.0162571 0.0589162
688 1.49703 0.808643 0.733749 -0.123478 0.992221 0.0099304 0.0123646
689 1.52484 0.836437 0.769192 -0.101179 0.994407 -0.00263297 0.0301639
690 1.53063 0.848624 0.832542 -0.110098 0.993698 0.0145115 0.0152571
691 1.53218 0.779382 0.835496 -0.0777552 0.996668 0.0217827 0.0114936
693 1.46861 0.595809 0.716488 -0.0960621 0.994721 0.0231304 0.0276873
694 1.51868 0.628638 0.742269 -0.094293 0.995237 -0.019444 -0.0153037
697 1.51948 0.502393 0.726902 -0.048608 0.998544 -0.0209711 -0.0103481
698 1.42619 0.422118 0.731237 -0.110462 0.992387 -0.0095421 0.0536275
699 1.49275 0.505041 0.73046 -0.0772851 0.995565 -0.053541 0.00338451
700 1.45212 0.441055 0.747913 -0.071381 0.996073 -0.0345732 0.0393459
701 1.45193 0.448428 0.749758 -0.0606828 0.99676 -0.0352911 0.0392669
702 1.4315 0.448877 0.749195 -0.050494 0.997426 -0.0306072 0.04068
703 1.44134 0.451126 0.733136 -0.0448084 0.998457 -0.0295755 0.0142022
704 1.45952 0.429854 0.745838 -0.0982913 0.994991 -0.0129984 -0.0127424
705 1.4567 0.472559 0.7718 -0.0867143 0.995684 -0.0315534 -0.00989011
706 1.39181 0.451519 0.720445 -0.0783406 0.996895 0.000154693 0.00793775
707 1.47054 0.505085 0.741584 -0.0718346 0.997415 0.00186195 0.000464841
708 1.42194 0.612871 0.790329 -0.0844367 0.996305 -0.011236 0.0109388
709 1.44438 0.595491 0.661467 -0.111514 0.993627 0.0108576 0.0123728
710 1.46987 0.643771 0.671418 -0.10767 0.993701 0.0222697 0.0216849
711 1.481 0.738277 0.839547 -0.118387 0.992938 0.00475608 -0.00605289
712 1.46008 0.801037 0.805823 -0.124228 0.991973 0.0144481 0.0186816
713 1.47327 0.80693 0.805956 -0.126604 0.991625 0.0150137 0.0206596
714 1.46594 0.754734 0.805277 -0.137469 0.989538 0.0332764 0.0284372
715 1.52688 0.815702 0.781539 -0.118663 0.992573 0.00179407 0.0267191
716 1.52406 0.708996 0.729036 -0.107713 0.993955 0.00671982 0.0201434
717 1.64438 0.741588 0.742506 -0.0720375 0.997309 -0.00399722 -0.0130125
718 1.54424 0.717244 0.780517 -0.0719434 0.997105 -0.0012509 0.0245832
719 1.6118 0.722393 0.72673 -0.0489295 0.998147 0.0259521 0.0252117
720 1.50015 0.696251 0.7217 -0.0322072 0.999373 0.00923195 0.0114514
723 1.43345 0.710502 0.846415 -0.101001 0.994431 0.0276102 -0.011938
724 1.38089 0.696188 0.814723 -0.0865536 0.995998 0.0158331 0.0156947
734 1.29574 -0.206395 0.77928 -0.0246941 0.999514 0.00672925 0.0178034
735 1.25213 -0.211105 0.745163 0.0072679 0.999359 0.00620203 0.0345035
736 1.29419 -0.206516 0.703894 0.0398924 0.998985 -0.0208632 -0.00179903
737 1.32664 -0.184984 0.691393 0.0407787 0.998472 -0.0351395 -0.0124864
738 1.33487 -0.252017 0.738407 0.0744017 0.997182 0.00864256 -0.00415197
739 1.34582 -0.239442 0.738473 0.0770432 0.997002 0.0070989 -0.0004559
740 1.38121 -0.238662 0.739803 0.0592756 0.998189 0.0099444 -0.00230221
741 1.41509 -0.234935 0.736562 0.0611737 0.998062 0.00916699 -0.00670909
742 1.4419 -0.172056 0.774258 -0.0357754 0.998181 -0.0478074 -0.00828344
744 1.49796 -0.230827 0.730189 0.0100868 0.998968 0.00227792 0.044219
745 1.46806 -0.216044 0.686955 0.00806213 0.997182 -0.0311973 0.0677496
746 1.5426 -0.231294 0.70306 0.00323428 0.998794 0.00877875 0.0481945
747 1.55475 -0.184948 0.714647 0.013385 0.999503 -0.0049574 0.0281234
748 1.51451 -0.104745 0.729922 -0.0016185 0.999629 0.00604832 0.0265254
749 1.49999 -0.0762884 0.704796 0.00300865 0.999881 0.00667775 0.0135925
750 1.52092 -0.00484488 0.701649 0.00815586 0.999966 0.000930557 -0.000280066
751 1.53801 0.0385081 0.707407 0.0130749 0.999843 -0.00595468 0.0103242
752 1.47369 0.0310863 0.689515 0.00894381 0.997884 0.019775 0.0612955
753 1.5271 0.0334042 0.715794 0.0122866 0.998697 0.0201131 0.0452724
754 1.5472 0.0116763 0.711645 0.0471258 0.996669 0.020182 0.0634231
755 1.59408 0.011327 0.731164 0.0377259 0.997973 0.0178656 0.0480376
756 1.61263 0.00300398 0.749423 -0.0385638 0.998528 0.0138312 0.0355443
757 1.55087 -0.00624992 0.709951 -0.0526826 0.996215 0.012999 0.0679102
758 1.67588 0.0331295 0.636413 0.0532217 0.998449 -0.0155176 0.00512391
759 1.69583 -0.0105078 0.74975 0.0733308 0.996665 0.0147015 0.0326538
760 1.70655 -0.00568148 0.687853 0.0357891 0.999308 0.000662153 -0.0101426
761 1.60919 -0.0103322 0.702186 0.00790007 0.99994 0.00461689 -0.00598479
762 1.51392 0.00444456 0.731802 -0.0111141 0.99888 0.0141748 0.0437513
763 1.52735 0.0531241 0.750857 -0.00331991 0.999487 0.0124467 0.0293307
764 1.46678 0.0683821 0.708362 -0.00902961 0.998159 0.0142043 0.0582777
765 1.49295 0.100492 0.733634 0.00477672 0.999096 0.0122248 0.040442
766 1.48545 0.116408 0.728953 0.0165537 0.998976 0.0117367 0.0404308
767 1.49951 0.11578 0.721013 0.00974906 0.998778 0.0200673 0.0440951
768 1.54428 0.136255 0.709566 0.00891031 0.999686 0.0207239 0.0109445
769 1.48264 0.193711 0.719052 -0.0118923 0.998921 0.00892323 0.0439977
770 1.51641 0.220897 0.700751 -0.00507354 0.999906 0.00294184 0.0123801
771 1.49485 0.255586 0.702447 -0.0107086 0.999868 0.00571607 0.0108325
772 1.49706 0.24286 0.714386 0.00222071 0.999693 0.0229787 0.00902958
773 1.46761 0.253601 0.629924 0.0150213 0.999867 0.00638834 0.000271515
774 1.46414 0.310495 0.682314 0.0412576 0.999057 -0.00824302 0.0107699
775 1.47843 0.373527 0.68205 0.0521325 0.998173 -0.0286258 0.0106381
776 1.48109 0.372881 0.685658 0.0311802 0.999393 -0.00608073 0.0143043
777 1.49772 0.39185 0.687166 0.0188422 0.999773 -0.0057281 0.00809907
778 1.45836 0.413848 0.688406 0.0266314 0.9996 -0.00378024 0.00873574
779 1.44165 0.47557 0.67467 0.0149695 0.999394 -0.0297673 0.0100997
780 1.38702 0.46921 0.669777 0.0237173 0.999364 -0.0259403 0.00599007
781 1.33321 0.417329 0.678246 0.0157151 0.999865 -0.00360118 0.00300474
782 1.24574 0.396873 0.675929 0.019809 0.999783 -0.00574897 -0.00284533
783 1.22083 0.315582 0.66611 0.0174276 0.999671 0.0164393 -0.0091385
784 1.21937 0.335598 0.665798 0.00961596 0.999862 0.000837718 -0.0135527
785 1.23588 0.367104 0.676356 0.0425667 0.998759 -0.0255288 -0.00405565
786 1.26229 0.314468 0.663049 0.0435121 0.999046 -0.00188243 -0.00320724
787 1.25671 0.269465 0.633687 0.0178514 0.999803 0.00317512 0.00801598
788 1.26361 0.281686 0.722612 0.0041504 0.999712 0.0203103 0.0121055
789 1.30349 0.26727 0.63387 0.018826 0.999759 0.00467245 0.0103051
790 1.30889 0.270509 0.632537 0.0328904 0.999368 0.0040669 0.0128538
791 1.28903 0.365933 0.67488 0.0435659 0.998676 -0.027077 -0.00384942
792 1.18466 0.320246 0.696538 0.00963803 0.99969 0.000859459 0.022963
793 1.20123 0.291609 0.719499 0.0149049 0.999717 0.0152 0.0106481
794 1.27269 0.254049 0.637871 0.041803 0.999077 0.00563854 0.00816415
795 1.29398 0.272741 0.717705 0.0286982 0.999521 0.0115793 0.000721649
796 1.30692 0.254178 0.707108 0.0121665 0.999817 0.0113388 0.00941759
797 1.31904 0.240222 0.713346 0.0145495 0.999657 0.0181257 0.0120511
798 1.35019 0.249743 0.698319 0.0200716 0.99978 0.00127311 0.00594346
799 1.35685 0.232497 0.706331 0.0321134 0.999355 0.0118939 0.0107872
800 1.37195 0.188807 0.728649 0.0283912 0.998956 0.0356982 0.00241776
801 1.40708 0.209294 0.71655 0.0342669 0.999235 0.0179172 -0.00577665
802 1.45939 0.200948 0.713641 0.0743534 0.996968 0.022839 -0.00229709
803 1.45165 0.22047 0.705813 0.0483245 0.998742 0.0124805 0.00474471
804 1.44036 0.241337 0.696863 -0.00277307 0.999953 0.00112952 0.0092004
805 1.4463 0.238103 0.69693 -0.0335082 0.999432 0.00317154 0.00154991
806 1.41376 0.195768 0.699252 -0.0999355 0.994922 0.00142945 -0.0118444
807 1.39328 0.147166 0.641497 -0.11063 0.993708 0.0171972 -0.00311307
808 1.40714 0.13927 0.635747 -0.0789633 0.996815 0.0110216 -0.00173239
809 1.42829 0.113391 0.643123 -0.0740161 0.996942 0.023257 -0.0093247
810 1.49559 0.161606 0.713711 -0.0172321 0.999829 0.00140873 0.00648502
811 1.45092 0.115954 0.721241 -0.0349224 0.998534 0.00802313 0.0405647
812 1.55448 0.0629366 0.690353 0.00390151 0.999933 0.00480174 -0.00974442
813 1.49571 0.0410704 0.720316 -0.00296607 0.998953 0.0138651 0.0434876
814 1.48689 0.0369062 0.716796 -0.087045 0.995144 0.00513068 0.0456671
815 1.51481 0.0540887 0.721678 -0.0719896 0.996527 0.001064 0.0418383
816 1.63253 0.115235 0.691297 -0.0147479 0.999764 -0.0159089 0.00133546
817 1.55498 0.0986063 0.700945 -0.00785381 0.998254 0.0127506 0.0571334
818 1.57738 0.119533 0.704591 -0.0477764 0.997539 0.0163427 0.0486376
819 1.59617 0.119564 0.706438 -0.0451312 0.997768 0.0200511 0.0449504
820 1.60329 0.121799 0.702918 -0.0633593 0.996824 0.0161383 0.0454625
821 1.65333 0.143244 0.716284 -0.0256137 0.999156 0.0106905 0.0302704
822 1.64356 0.162963 0.695066 0.0180929 0.998867 0.0132252 0.0419825
823 1.62451 0.159729 0.673397 0.0300689 0.99802 0.016388 0.0527649
824 1.66388 0.158 0.673418 0.0553954 0.997452 0.0173013 0.0414892
825 1.65336 0.155061 0.66897 0.0392443 0.998294 0.0103514 0.0419819
826 1.63655 0.145353 0.671977 0.0266308 0.998725 0.0142971 0.0404427
827 1.63157 0.145599 0.668648 0.0258599 0.998724 0.0125564 0.0415325
828 1.63448 0.16036 0.669174 0.0475823 0.998089 0.0112746 0.0377885
829 1.67577 0.193766 0.645702 0.0692629 0.997493 -0.00825428 0.0119442
830 1.67083 0.188439 0.630318 0.040047 0.999155 0.00524288 -0.0075632
831 1.67351 0.18175 0.626523 0.0115345 0.999858 0.00898532 -0.00831909
834 1.7383 0.205106 0.676103 -0.0690288 0.996606 0.00571031 0.0444791
835 1.742 0.19077 0.684549 -0.0735087 0.996611 0.0145169 0.0339473
836 1.70521 0.198871 0.669466 -0.0373073 0.997808 0.0121954 0.0532847
837 1.78867 0.20357 0.655412 -0.00948172 0.998879 0.0153318 0.0437575
838 1.78162 0.245967 0.682788 0.0435058 0.998446 0.0135258 0.0320834
839 1.74092 0.234574 0.693187 -0.00793955 0.999273 0.00655941 0.0367115
840 1.77978 0.226884 0.711707 -0.0192721 0.99904 0.00730239 0.0386591
841 1.77152 0.21278 0.718813 -0.0191497 0.998405 0.0116611 0.0518211
842 1.95868 0.221617 0.704624 0.0535879 0.998502 -0.00365928 0.0104587
843 1.97576 0.171677 0.741404 0.0713727 0.99713 0.00964189 0.0233366
844 1.9874 0.147944 0.738812 0.0360954 0.999009 0.00488807 0.0255636
845 1.99744 0.13468 0.739532 0.0445111 0.998661 0.00446706 0.0259781
846 1.97983 0.132535 0.738981 0.0283237 0.999057 0.00534459 0.0324554
847 2.00183 0.129099 0.736217 0.0369065 0.99894 0.00448445 0.0271574
848 2.00043 0.114293 0.727371 0.00637972 0.999652 -0.00173872 0.0255514
849 1.97527 0.111631 0.729389 -0.00821916 0.999375 0.0023091 0.0343104
850 1.97122 0.104755 0.727159 -0.0375551 0.998646 -0.000122579 0.0359908
851 1.98405 0.108046 0.725573 -0.032206 0.998818 -0.00028745 0.0363943
852 1.97611 0.11076 0.724228 -0.0345753 0.998756 -0.000231783 0.0359418
853 1.96513 0.112366 0.723705 -0.0391458 0.998599 -0.000679846 0.0356091
854 1.94336 0.113498 0.722645 -0.0483756 0.998214 -0.00142329 0.035012
855 1.94158 0.124547 0.725441 -0.068957 0.997172 -0.000414756 0.0298928
856 1.92976 0.196439 0.733952 -0.0673888 0.997311 0.0060028 0.0281721
857 1.94616 0.235108 0.67725 -0.0910165 0.995838 -0.00206939 0.0042643
858 1.99042 0.175527 0.733223 -0.0653767 0.997456 0.00530984 0.0278982
859 1.97501 0.134277 0.736834 -0.0640604 0.997204 0.00891574 0.0374225
860 2.01106 0.078998 0.728208 -0.0602923 0.997545 0.00558757 0.0351652
861 1.95202 0.0117334 0.619225 -0.089032 0.996011 0.000265585 0.00589721
862 2.00115 -0.0949545 0.723544 -0.0836461 0.99602 -0.00646142 0.0300948
863 2.02582 -0.167552 0.675985 -0.0588707 0.99825 0.00138743 0.00541525
864 2.02389 -0.163879 0.721304 -0.0532143 0.998201 -0.00679407 0.0267867
865 2.03045 -0.176673 0.718041 -0.0497906 0.998389 -0.00351895 0.0269778
866 1.98707 -0.285742 0.660343 -0.0568178 0.998196 0.0168811 0.00958102
867 1.89909 -0.265149 0.716434 -0.101364 0.993854 0.00081313 0.0444767
868 1.92065 -0.265907 0.713646 -0.114869 0.992977 -0.00329394 0.0281066
869 1.89907 -0.321854 0.649666 -0.133624 0.990973 0.0107053 -0.00126974
872 1.81942 -0.190744 0.712813 -0.024135 0.998282 -0.0136189 0.0516169
873 1.87906 -0.193095 0.710836 -0.0338014 0.999 -0.000950787 0.029247
874 1.86999 -0.150824 0.71211 -0.0228391 0.999341 0.000287242 0.0282054
875 1.80975 -0.115207 0.712457 -0.00903456 0.998899 -0.00648206 0.0455693
876 1.79954 -0.0745408 0.711998 -0.00681412 0.999012 -0.00391367 0.0437377
877 1.8201 -0.0709228 0.709231 -0.00761619 0.999239 0.00714038 0.0375722
878 1.79035 -0.0106505 0.710935 0.0115266 0.998912 -0.00228377 0.0451217
879 1.79355 0.001999 0.71186 0.00976042 0.999064 0.000392596 0.0421418
880 1.78937 0.00223335 0.709889 -0.0239079 0.998859 0.011269 0.0397738
881 1.78384 0.0102051 0.710937 -0.0381672 0.998409 0.0114569 0.0399027
882 1.76376 0.0299856 0.706149 -0.0618724 0.996477 0.00852919 0.0559618
883 1.77629 0.0448616 0.705721 -0.0659966 0.996229 0.00556167 0.05604
884 1.88609 0.0550212 0.709475 -0.0416795 0.99875 0.0110257 0.0253085
885 1.8256 0.0585583 0.708362 -0.0292596 0.99802 0.00808664 0.0550866
886 1.86574 0.0351698 0.707879 -0.0313169 0.998683 0.0141482 0.0381022
887 1.89963 0.00570102 0.709838 -0.0266541 0.999172 0.0134317 0.0276468
888 1.88985 -0.00798337 0.709563 -0.0293538 0.999037 0.0120243 0.0302995
889 1.86632 -0.0577101 0.707414 -0.048607 0.99823 0.00726287 0.0335015
890 1.86043 -0.0871552 0.706637 -0.0555295 0.997839 0.00302853 0.0349956
891 1.8573 -0.0979549 0.705361 -0.0576687 0.997706 0.00191289 0.0354106
892 1.82697 -0.131942 0.708061 -0.0659826 0.996936 0.00424511 0.0417996
899 1.6702 -0.235217 0.701665 -0.220492 0.974419 -0.000292432 0.0434753
900 1.72859 -0.317485 0.663667 -0.185338 0.982645 0.00705952 -0.0030059
901 1.7192 -0.326299 0.711558 -0.214148 0.97572 -0.00496187 0.0456845
903 1.80174 -0.262277 0.731327 -0.193053 0.979936 -0.0168257 0.0466069
904 1.85219 -0.299319 0.706865 -0.2064 0.978397 -0.00687271 0.00956648
905 1.78876 -0.283309 0.762617 -0.256978 0.965619 0.00234067 0.0391982
961 9.66289 2.74778 3.74346 -0.575159 0.670903 -0.297043 -0.361729
962 11.3806 -0.309633 1.76594 0.393996 -0.699214 -0.302321 0.514266
963 6.1331 0.239721 2.72531 -0.396676 0.8518 -0.231932 0.251579
973 5.02481 -0.00985617 1.669 -0.421334 0.587946 -0.410528 0.555216
974 5.02975 -0.0231396 1.71179 -0.432523 0.581179 -0.416522 0.549239
975 4.91942 -0.0758187 1.73873 -0.413924 0.575362 -0.40705 0.576139
976 4.76406 -0.0780073 1.9361 -0.414483 0.57464 -0.420083 0.56703
980 4.92715 -0.0898166 1.65901 -0.41419 0.551041 -0.408235 0.598451
981 4.92715 -0.0898166 1.65901 -0.41419 0.551041 -0.408235 0.598451
985 4.96228 -0.127026 1.67694 -0.41135 0.564037 -0.399665 0.594072
986 5.16957 0.503608 2.0198 -0.445817 0.609351 -0.465194 0.462096
987 5.19278 0.909677 2.18473 -0.439856 0.618272 -0.491696 0.427201
